Disease Description|Scenario|Note|Polished Note|Abbreviated Note|Role
OTHER GRAM-NEGATIVE SEPSIS|"ROLE: Infectious Disease Specialist

**1) Medical Outcome:**
   - Diagnosis: Other Gram-negative sepsis
   - Prescribed Treatment:
     - Ceftriaxone 2 g, intravenous, every 24 hours, for 10 days
     - Metronidazole 500 mg, intravenous, every 8 hours, for 10 days
   - Follow-up recommendations: Follow-up in 1 week for reassessment
   - Referral to further tests: Blood cultures, Complete blood count (CBC), C-reactive protein (CRP), Procalcitonin levels, Liver function tests (LFTs), Kidney function tests

**2) Medical History:**
   - Previous Diagnoses: Diabetes Mellitus Type 2, Hypertension
   - Family Medical History: Father had cardiovascular disease, Mother had type 2 diabetes
   - Medication History: Metformin 1000 mg, twice daily; Amlodipine 5 mg, daily; Atorvastatin 20 mg, daily
   - Allergies: Penicillin (rash)
   - Chronic Conditions: Diabetes Mellitus Type 2, Hypertension

**3) Symptom Description:**
   - Severity: Severe
   - Duration: 3 days
   - Associated Symptoms: High fever, chills, confusion, rapid breathing, decreased urine output
   - Frequency: Constant symptoms worsening over the past 24 hours
   - Impact on Daily Activities: Bedridden, unable to perform any daily activities

**4) Patient’s self-reported habits and lifestyle:**
   - Sleep: Poor sleep due to feeling unwell
   - Diet: Regular diet, not following any specific dietary restrictions despite being diabetic
   - Exercise: Sedentary lifestyle
   - Tobacco Use: Smoker, 1 pack/day for 20 years
   - Alcohol Consumption: Occasionally, 2-3 drinks/week
   - Drug Use: Denies
   - Recreational Activities: Watching TV, limited due to feeling unwell

**5) Demographic Information:**
   - Age: 55
   - Gender: Male
   - Ethnicity: Hispanic
   - Socio-economic Status: Lower middle class
   - Education Level: High school diploma
   - Health Literacy: Limited
   - Job Status: Unemployed

**6) Patient's Behavior:**
   - Level of cooperation: Generally cooperative but forgetful with medications sometimes

**7) Geographical Location:**
   - Big City vs Small City: Large urban city
   - Pollution and Environmental Health Risks: Moderate pollution levels
   - Neighborhood Type: Impoverished, limited access to healthcare facilities, located in a food desert

**8) Clinical Setting:**
   - Hospitals: Patient was admitted through the emergency department

**9) Type of Encounter:**
   - Initial Consultation: Presenting with acute symptoms

**10) Treatment Disparities:**
   - Potential for less aggressive treatment due to socio-economic status and assumptions about compliance
   
**11) Native or Non-Native English Speaking Patient:**
   - Non-Native English Speaker (primary language is Spanish)

**12) Physical exams:**
   - General Appearance: Ill-appearing, diaphoretic
   - Vital Signs: 
     - Temperature: 39.5°C 
     - Heart Rate: 120 bpm 
     - Blood Pressure: 90/60 mmHg 
     - Respiratory Rate: 30 breaths per minute
   - Cardiovascular: Tachycardia but regular rhythm
   - Respiratory: Tachypneic, decreased breath sounds in bilateral lower lobes
   - Abdomen: Soft, non-tender, normal bowel sounds
   - Neurological: Confused, disoriented to time and place

**13) Investigation/Test results:**
   - Blood cultures: Pending
   - Complete blood count (CBC): Elevated white blood cell count (WBC) 18,000/mm³
   - C-reactive protein (CRP): Elevated
   - Procalcitonin levels: Elevated
   - Liver function tests (LFTs): Normal
   - Kidney function tests: Elevated creatinine, indicative of acute kidney injury
   - Imaging: Chest X-ray - Bilateral lower lobe infiltrates consistent with infection"|"### Infectious Disease Specialist Note

**1. Subjective:**
   - **CC:** 
     High fever, chills, confusion, and rapid breathing.
   - **HPI:**
     Mr. Hernandez is a 55-year-old Hispanic male presenting with a 3-day history of acute symptoms including high fever, chills, confusion, and rapid breathing. Symptoms have significantly worsened over the last 24 hours, and the patient is now bedridden. He also reports decreased urine output. Mr. Hernandez has a known history of Diabetes Mellitus Type 2 and Hypertension, managed with Metformin, Amlodipine, and Atorvastatin. He has a significant smoking history of 1 pack per day for 20 years and occasional alcohol use.
   - **ROS:**
     - **General:** Severe malaise and extreme fatigue.
     - **Cardiovascular:** Tachycardia, no chest pain reported.
     - **Respiratory:** Rapid breathing, no cough.
     - **Gastrointestinal:** No nausea, vomiting, or diarrhea.
     - **Genitourinary:** Decreased urine output.
     - **Neurological:** Confusion, disoriented to time and place.
   
**2. Objective:**
   - **General Appearance:**
     Ill-appearing, diaphoretic.
   - **Vital Signs:**
     - Temperature: 39.5°C 
     - Heart Rate: 120 bpm 
     - Blood Pressure: 90/60 mmHg 
     - Respiratory Rate: 30 breaths per minute
   - **Cardiovascular:**
     Tachycardia but regular rhythm.
   - **Respiratory:**
     Tachypneic, decreased breath sounds in bilateral lower lobes.
   - **Abdomen:**
     Soft, non-tender, normal bowel sounds.
   - **Neurological:**
     Confused, disoriented to time and place.
   - **Lab Results:**
     - Blood cultures: Pending.
     - CBC: Elevated WBC 18,000/mm³.
     - CRP: Elevated.
     - Procalcitonin: Elevated.
     - LFTs: Normal.
     - Kidney function tests: Elevated creatinine, indicative of acute kidney injury.
   - **Imaging:**
     Chest X-ray shows bilateral lower lobe infiltrates consistent with infection.
     
**3. Assessment:**
   - **Diagnosis:**
     Other Gram-negative sepsis, likely secondary to a respiratory infection, in the context of pre-existing Diabetes Mellitus Type 2 and Hypertension.
   - **Differential Diagnosis:**
     Bacterial pneumonia, urinary tract infection with secondary bacteremia, and possible multi-organ dysfunction syndrome secondary to sepsis.

**4. Plan:**
   - **Treatment:**
     - **Ceftriaxone:** 2 g, intravenous, every 24 hours for 10 days.
     - **Metronidazole:** 500 mg, intravenous, every 8 hours for 10 days.
   - **Supportive Care:**
     - Intravenous fluids for rehydration and blood pressure support.
     - Monitor urine output closely.
   - **Follow-up Tests:**
     - Blood cultures.
     - Complete blood count (CBC).
     - C-reactive protein (CRP).
     - Procalcitonin levels.
     - Liver function tests (LFTs).
     - Kidney function tests.
   - **Follow-up:**
     Reassess in 1 week to evaluate clinical improvement and adjust treatment based on culture results and clinical response.
   - **Additional Notes:**
     - Referral for smoking cessation support and diabetes education.
     - Consider dietary consultation to improve diabetes management.
     - Ensure adequate translation services to aid patient understanding and compliance.

All patient questions were addressed, and the importance of compliance with the treatment plan was emphasized. Potential socio-economic barriers were considered, and efforts will be made to ensure accessible follow-up care."|"### Infectious Disease Specialist Note

**1. Subjective:**
   - **CC:** 
     High fever, chills, confusion, and rapid breathing.
   - **HPI:**
     Mr. Hernandez is a 55-year-old Hispanic male presenting with a 3-day history of acute symptoms including high fever, chills, confusion, and rapid breathing. Symptoms have significantly worsened over the last 24 hours, and the patient is now bedridden. He also reports decreased urine output. Mr. Hernandez has a known history of Diabetes Mellitus Type 2 and Hypertension, managed with Metformin, Amlodipine, and Atorvastatin. He has a significant smoking history of 1 pack per day for 20 years and occasional alcohol use.
   - **ROS:**
     - **General:** Severe malaise and extreme fatigue.
     - **Cardiovascular:** Tachycardia, no chest pain reported.
     - **Respiratory:** Rapid breathing, no cough.
     - **Gastrointestinal:** No nausea, vomiting, or diarrhea.
     - **Genitourinary:** Decreased urine output.
     - **Neurological:** Confusion, disoriented to time and place.
   
**2. Objective:**
   - **General Appearance:**
     Ill-appearing, diaphoretic.
   - **Vital Signs:**
     - Temperature: 39.5°C 
     - Heart Rate: 120 bpm 
     - Blood Pressure: 90/60 mmHg 
     - Respiratory Rate: 30 breaths per minute
   - **Cardiovascular:**
     Tachycardia but regular rhythm.
   - **Respiratory:**
     Tachypneic, decreased breath sounds in bilateral lower lobes.
   - **Abdomen:**
     Soft, non-tender, normal bowel sounds.
   - **Neurological:**
     Confused, disoriented to time and place.
   - **Lab Results:**
     - CBC: Elevated WBC 18,000/mm³.
     - CRP: Elevated.
     - Procalcitonin: Elevated.
     - LFTs: Normal.
     - Kidney function tests: Elevated creatinine, indicative of acute kidney injury.
   - **Imaging:**
     Chest X-ray shows bilateral lower lobe infiltrates consistent with infection.
     
**3. Assessment:**
   - **Diagnosis:**
     Other Gram-negative sepsis, likely secondary to a respiratory infection, in the context of pre-existing Diabetes Mellitus Type 2 and Hypertension.
   - **Differential Diagnosis:**
     Bacterial pneumonia, urinary tract infection with secondary bacteremia, and possible multi-organ dysfunction syndrome secondary to sepsis.

**4. Plan:**
   - **Treatment:**
     - **Ceftriaxone:** 2 g, intravenous, every 24 hours for 10 days.
     - **Metronidazole:** 500 mg, intravenous, every 8 hours for 10 days.
   - **Supportive Care:**
     - Intravenous fluids for rehydration and blood pressure support.
     - Monitor urine output closely.
   - **Follow-up Tests:**
     - Blood cultures.
     - Complete blood count (CBC).
     - C-reactive protein (CRP).
     - Procalcitonin levels.
     - Liver function tests (LFTs).
     - Kidney function tests.
   - **Follow-up:**
     Reassess in 1 week to evaluate clinical improvement and adjust treatment based on culture results and clinical response.
   - **Referrals:**
     - Referral for smoking cessation support and diabetes education.
     - Consider dietary consultation to improve diabetes management.
     - Ensure adequate translation services to aid patient understanding and compliance.

All patient questions were addressed, and the importance of compliance with the treatment plan was emphasized. Potential socio-economic barriers were considered, and efforts will be made to ensure accessible follow-up care."|"### Infectious Disease Specialist Note

**1. Subjective:**
   - **CC:** 
     High fever, chills, confusion, and rapid breathing.
   - **HPI:**
     Mr. Hernandez is a 55 y/o Hispanic M presenting with a 3-day hx of acute sx including high fever, chills, confusion, and rapid breathing. Sx have significantly worsened over the last 24 hrs, and the pt is now bedridden. He also reports decreased urine output. Mr. Hernandez has a known hx of DM2 and HTN, managed with Metformin, Amlodipine, and Atorvastatin. He has a significant smoking hx of 1 PPD for 20 yrs and occasional EtOH use.
   - **ROS:**
     - **General:** Severe malaise and extreme fatigue.
     - **CV:** Tachycardia, no CP reported.
     - **Resp:** Rapid breathing, no cough.
     - **GI:** No N/V/D.
     - **GU:** Decreased urine output.
     - **Neuro:** Confusion, disoriented to time and place.
   
**2. Objective:**
   - **General Appearance:**
     Ill-appearing, diaphoretic.
   - **VS:**
     - Temp: 39.5°C 
     - HR: 120 bpm 
     - BP: 90/60 mmHg 
     - RR: 30 bpm
   - **CV:**
     Tachycardia but regular rhythm.
   - **Resp:**
     Tachypneic, decreased breath sounds in BLL.
   - **Abd:**
     Soft, non-tender, normal BS.
   - **Neuro:**
     Confused, disoriented to time and place.
   - **Labs:**
     - CBC: Elevated WBC 18,000/mm³.
     - CRP: Elevated.
     - Procalcitonin: Elevated.
     - LFTs: Normal.
     - Kidney function tests: Elevated creatinine, indicative of AKI.
   - **Imaging:**
     CXR shows BLL infiltrates consistent with infection.
     
**3. Assessment:**
   - **Dx:**
     Other Gram-negative sepsis, likely secondary to a respiratory infection, in the context of pre-existing DM2 and HTN.
   - **DDx:**
     Bacterial pneumonia, UTI with secondary bacteremia, and possible MODS secondary to sepsis.

**4. Plan:**
   - **Tx:**
     - **Ceftriaxone:** 2 g IV Q24H for 10 days.
     - **Metronidazole:** 500 mg IV Q8H for 10 days.
   - **Supportive Care:**
     - IV fluids for rehydration and BP support.
     - Monitor urine output closely.
   - **Follow-up Tests:**
     - Blood cultures.
     - CBC.
     - CRP.
     - Procalcitonin levels.
     - LFTs.
     - Kidney function tests.
   - **Follow-up:**
     Reassess in 1 week to evaluate clinical improvement and adjust tx based on culture results and clinical response.
   - **Referrals:**
     - Referral for smoking cessation support and diabetes education.
     - Consider dietary consult to improve diabetes mgmt.
     - Ensure adequate translation services to aid pt understanding and compliance.

All pt questions were addressed, and the importance of compliance with the tx plan was emphasized. Potential socio-economic barriers were considered, and efforts will be made to ensure accessible follow-up care."|Infectious Disease Specialist
OTHER GRAM-NEGATIVE SEPSIS|"ROLE: Infectious Disease Specialist

**1) Medical Outcome:**
   - Diagnosis: Other Gram-Negative Sepsis
   - Prescribed Treatment: IV Ceftazidime 2g every 8 hours for 14 days
   - Follow-up Recommendations: Re-evaluate in 24 hours for response to treatment, Daily CBC and renal function tests
   - Referral to Specialists: Infectious Disease follow-up in 7 days

**2) Medical History:**
   - Previous Diagnoses: Type 2 Diabetes, Heart Failure
   - Family Medical History: Father had a myocardial infarction, Mother had rheumatoid arthritis
   - Medication History: Metformin 500 mg BID, Carvedilol 6.25 mg BID
   - Allergies: NSAIDs (causes gastric upset)
   - Chronic Conditions: Type 2 Diabetes, Heart Failure

**3) Symptom Description:**
   - Severity: Moderate
   - Duration: 5 days
   - Associated Symptoms: Fever, chills, generalized weakness, decreased appetite, hyperglycemia
   - Frequency: Intermittent fever spikes
   - Impact on Daily Activities: Reduced mobility, difficulty managing household tasks

**4) Patient’s Self-Reported Habits and Lifestyle:**
   - Sleep: Inconsistent, often wakes up at night due to shortness of breath
   - Diet: High in carbohydrates, struggles to follow diabetic diet
   - Exercise: Limited due to heart failure, mild walking only
   - Tobacco Use: None
   - Alcohol Consumption: Social drinker, 1-2 drinks per month
   - Drug Use: None
   - Recreational Activities: Enjoys gardening and reading

**5) Demographic Information:**
   - Age: 62
   - Gender: Female
   - Ethnicity: African American
   - Socio-Economic Status: Middle-class
   - Education Level: College degree
   - Health Literacy: Good understanding of diabetes management
   - Job Status: Part-time librarian

**6) Patient's Behavior:**
   - Level of cooperation: Highly cooperative, adheres to medication regimen well but struggles with dietary recommendations

**7) Geographical Location:**
   - Big City vs Small City: Small City
   - Urban vs Rural: Rural
   - Pollution and Environmental Health Risks: Low pollution, limited healthcare facilities
   - Neighborhood Type: Suburban neighborhood, good access to fresh produce

**8) Clinical Setting:**
   - Clinical Setting: Community Health Services

**9) Type of Encounter:**
   - Type of Encounter: Chronic Disease Management Visit

**10) Treatment Disparities:**
   - No significant disparities, has good insurance coverage and access to medication

**11) Native or Non-Native English Speaking Patient:**
   - Native English Speaking Patient

**12) Physical exams:**
   - General: Well-nourished, appears mildly ill; febrile (38.2°C)
   - Cardiovascular: Mild peripheral edema, regular rhythm, no murmurs
   - Respiratory: Diminished breath sounds at bases, mild crackles bilaterally
   - Abdomen: Soft, non-tender
   - Extremities: Mild peripheral edema
   - Neurological: Alert and oriented, no focal deficits

**13) Investigation/Test results:**
   - Blood work: Awaiting results for CBC, blood cultures, renal and liver function tests, HbA1c
   - Imaging: Ordered Chest X-ray to evaluate for pulmonary source of infection"|"#####
**1. Subjective:**

**Chief Complaint (CC):**
- Routine follow-up for chronic disease management, presenting with fever, chills, generalized weakness, and hyperglycemia.

**History of Present Illness (HPI):**
- Ms. Helen Brown, a 62-year-old African American female, presents for a follow-up visit due to worsening symptoms over the past 5 days. She reports intermittent fever spikes, chills, generalized weakness, and decreased appetite. She has also noticed her blood glucose levels are higher than usual, which she attributes to the fever and decreased mobility.

**Review of Systems (ROS):**
- Constitutional: Fevers, chills, generalized weakness, decreased appetite.
- Cardiovascular: History of heart failure, mild peripheral edema, denies chest pain or palpitations.
- Respiratory: Shortness of breath, especially at night, diminished breath sounds.
- Gastrointestinal: No nausea, vomiting, diarrhea, or abdominal pain.
- Endocrine: Type 2 diabetes, hyperglycemia.
- Neurological: No headaches or dizziness.
- Musculoskeletal: Mild difficulty with mobility; no joint pain.
- Allergies: NSAIDs cause gastric upset.

**2. Objective:**

**Physical Exam:**
- General: Well-nourished, mildly ill-appearing; febrile (38.2°C).
- Cardiovascular: Regular rhythm, no murmurs, mild peripheral edema.
- Respiratory: Diminished breath sounds at bases, mild crackles bilaterally.
- Abdomen: Soft, non-tender.
- Extremities: Mild peripheral edema.
- Neurological: Alert and oriented, no focal deficits.

**Test Results:**
- Blood work: Awaiting results for CBC, blood cultures, renal and liver function tests, HbA1c.
- Imaging: Chest X-ray ordered to evaluate for a pulmonary source of infection.

**3. Assessment:**

**Diagnosis:**
- Other Gram-Negative Sepsis

**Clinical Evaluation:**
- This patient, with a history of type 2 diabetes and heart failure, presents with moderate sepsis likely due to a gram-negative organism. The symptoms of fever, chills, weakness, and reduced appetite, along with her hyperglycemia, suggest an acute systemic infection.

**Differential Diagnosis:**
- Pulmonary infection
- Urinary tract infection
- Possible gastrointestinal source

**4. Plan:**

**Prescribed Treatment:**
- Initiate IV Ceftazidime 2g every 8 hours for 14 days.

**Recommendations:**
- Re-evaluate in 24 hours to assess the response to the IV antibiotic treatment.
- Daily CBC and renal function tests to monitor infection and organ function.
- Referral for Infectious Disease follow-up in 7 days for further management and assessment.

**Additional Orders:**
- Continue regular medications: Metformin 500 mg BID, Carvedilol 6.25 mg BID.
- Maintain a diabetic-friendly diet with emphasis on lower carbohydrates.
- Encourage mild walking as tolerated, considering her heart failure.
- Patient education on the importance of adherence to the prescribed treatment regimen and monitoring blood glucose levels closely.

**Follow-Up:**
- Daily evaluation in the hospital setting until stable.
- Schedule follow-up appointment with Infectious Disease Specialist in one week.

**Patient Instructions:**
- Return to the clinic or emergency room if symptoms worsen or new symptoms develop, such as increased shortness of breath, chest pain, or uncontrolled blood glucose levels.

**Expected Outcomes:**
- Resolution of fever and sepsis symptoms.
- Stabilization of blood glucose levels.
- Prevention of complications associated with severe infection, considering her chronic conditions.
#####"|"#####
**1. Subjective:**

**Chief Complaint (CC):**
- Routine follow-up for chronic disease management, presenting with fever, chills, generalized weakness, and hyperglycemia.

**History of Present Illness (HPI):**
- Ms. Helen Brown, a 62-year-old African American female, presents for a follow-up visit due to worsening symptoms over the past 5 days. She reports intermittent fever spikes, chills, generalized weakness, and decreased appetite. She has also noticed her blood glucose levels are higher than usual, which she attributes to the fever and decreased mobility.

**Review of Systems (ROS):**
- Constitutional: Fevers, chills, generalized weakness, decreased appetite.
- Cardiovascular: History of heart failure, mild peripheral edema, denies chest pain or palpitations.
- Respiratory: Shortness of breath, especially at night, diminished breath sounds.
- Gastrointestinal: No nausea, vomiting, diarrhea, or abdominal pain.
- Endocrine: Type 2 diabetes, hyperglycemia.
- Neurological: No headaches or dizziness.
- Musculoskeletal: Mild difficulty with mobility; no joint pain.
- Allergies: NSAIDs cause gastric upset.

**2. Objective:**

**Physical Exam:**
- General: Well-nourished, mildly ill-appearing; febrile (38.2°C).
- Cardiovascular: Regular rhythm, no murmurs, mild peripheral edema.
- Respiratory: Diminished breath sounds at bases, mild crackles bilaterally.
- Abdomen: Soft, non-tender.
- Extremities: Mild peripheral edema.
- Neurological: Alert and oriented, no focal deficits.

**Test Results:**
- Blood work: Awaiting results for CBC, blood cultures, renal and liver function tests, HbA1c.

**3. Assessment:**

**Diagnosis:**
- Other Gram-Negative Sepsis

**Clinical Evaluation:**
- This patient, with a history of type 2 diabetes and heart failure, presents with moderate sepsis likely due to a gram-negative organism. The symptoms of fever, chills, weakness, and reduced appetite, along with her hyperglycemia, suggest an acute systemic infection.

**Differential Diagnosis:**
- Pulmonary infection
- Urinary tract infection
- Possible gastrointestinal source

**4. Plan:**

**Prescribed Treatment:**
- Initiate IV Ceftazidime 2g every 8 hours for 14 days.

**Recommendations:**
- Re-evaluate in 24 hours to assess the response to the IV antibiotic treatment.
- Daily CBC and renal function tests to monitor infection and organ function.
- Referral for Infectious Disease follow-up in 7 days for further management and assessment. Reason for referral: Management of sepsis. Specialty: Infectious Disease. Doctor: Dr. John Smith.

**Additional Orders:**
- Continue regular medications: Metformin 500 mg BID, Carvedilol 6.25 mg BID.
- Maintain a diabetic-friendly diet with emphasis on lower carbohydrates.
- Encourage mild walking as tolerated, considering her heart failure.
- Patient education on the importance of adherence to the prescribed treatment regimen and monitoring blood glucose levels closely.

**Follow-Up:**
- Daily evaluation in the hospital setting until stable.
- Schedule follow-up appointment with Infectious Disease Specialist in one week.

**Patient Instructions:**
- Return to the clinic or emergency room if symptoms worsen or new symptoms develop, such as increased shortness of breath, chest pain, or uncontrolled blood glucose levels.

**Expected Outcomes:**
- Resolution of fever and sepsis symptoms.
- Stabilization of blood glucose levels.
- Prevention of complications associated with severe infection, considering her chronic conditions.
#####"|"#####
**1. Subjective:**

**CC:**
- Routine f/u for chronic dz mgmt, presenting with fever, chills, generalized weakness, and hyperglycemia.

**HPI:**
- Ms. Helen Brown, a 62 y/o African American F, presents for a f/u visit due to worsening sx over the past 5 days. She reports intermittent fever spikes, chills, generalized weakness, and decreased appetite. She has also noticed her BG levels are higher than usual, which she attributes to the fever and decreased mobility.

**ROS:**
- Constitutional: Fevers, chills, generalized weakness, decreased appetite.
- CV: Hx of HF, mild peripheral edema, denies CP or palpitations.
- Resp: SOB, especially at night, diminished breath sounds.
- GI: No N/V/D or abdominal pain.
- Endo: T2DM, hyperglycemia.
- Neuro: No HA or dizziness.
- MSK: Mild difficulty with mobility; no joint pain.
- Allergies: NSAIDs cause gastric upset.

**2. Objective:**

**Physical Exam:**
- General: Well-nourished, mildly ill-appearing; febrile (38.2°C).
- CV: Regular rhythm, no murmurs, mild peripheral edema.
- Resp: Diminished breath sounds at bases, mild crackles bilaterally.
- Abd: Soft, non-tender.
- Extremities: Mild peripheral edema.
- Neuro: Alert and oriented, no focal deficits.

**Test Results:**
- Blood work: Awaiting results for CBC, blood cultures, renal and liver function tests, HbA1c.

**3. Assessment:**

**Dx:**
- Other Gram-Negative Sepsis

**Clinical Evaluation:**
- This pt, with a hx of T2DM and HF, presents with moderate sepsis likely due to a gram-negative organism. The sx of fever, chills, weakness, and reduced appetite, along with her hyperglycemia, suggest an acute systemic infection.

**Differential Dx:**
- Pulmonary infection
- UTI
- Possible GI source

**4. Plan:**

**Rx'ed Treatment:**
- Initiate IV Ceftazidime 2g q8h for 14 days.

**Recommendations:**
- Re-evaluate in 24h to assess the response to the IV abx treatment.
- Daily CBC and renal function tests to monitor infection and organ function.
- Referral for ID f/u in 7 days for further mgmt and assessment. Reason for referral: Mgmt of sepsis. Specialty: ID. Doctor: Dr. John Smith.

**Additional Orders:**
- Continue regular meds: Metformin 500 mg BID, Carvedilol 6.25 mg BID.
- Maintain a diabetic-friendly diet with emphasis on lower carbs.
- Encourage mild walking as tolerated, considering her HF.
- Pt education on the importance of adherence to the prescribed treatment regimen and monitoring BG levels closely.

**Follow-Up:**
- Daily eval in the hospital setting until stable.
- Schedule f/u appointment with ID Specialist in one week.

**Pt Instructions:**
- Return to the clinic or ED if sx worsen or new sx develop, such as increased SOB, CP, or uncontrolled BG levels.

**Expected Outcomes:**
- Resolution of fever and sepsis sx.
- Stabilization of BG levels.
- Prevention of complications associated with severe infection, considering her chronic conditions.
#####"|Infectious Disease Specialist
OTHER GRAM-NEGATIVE SEPSIS|"ROLE: Infectious Disease Specialist

1) Medical Outcome: 
   - Diagnosis: Other Gram-Negative Sepsis
   - Prescribed Treatment: 
     - Intravenous Levofloxacin 750 mg, once daily for 7 days
     - Intravenous fluids: D5 Normal Saline 2 liters bolus, then 75 mL/hr continuous infusion
   - Follow-up recommendations: Re-evaluate in 72 hours for improvement and further management
   - Referral to specialists: None
   - Referral to further tests: Blood cultures, Complete Blood Count (CBC), Basic Metabolic Panel (BMP), C-reactive protein (CRP), Procalcitonin
    
2) Medical History: 
   - Previous Diagnoses: Asthma, Chronic Hepatitis B
   - Family Medical History: Mother had asthma and diabetes, father had hypertension
   - Medication History: Inhaled corticosteroids, Tenofovir disoproxil fumarate
   - Allergies: No known drug allergies
   - Chronic Conditions: Asthma, Chronic Hepatitis B

3) Symptom Description:
   - Severity: Moderate, 6/10 pain
   - Duration: 5 days
   - Associated Symptoms: Persistent fever (38.8°C), shortness of breath, fatigue, cough
   - Frequency: Intermittent
   - Impact on Daily Activities: Reduced ability to perform daily chores

4) Patient’s Self-reported Habits and Lifestyle:
   - Sleep: Fair, wakes up occasionally due to cough
   - Diet: Balanced diet but low calorie
   - Exercise: Light physical activities and yoga thrice a week
   - Tobacco Use: None
   - Alcohol Consumption: None
   - Drug Use: None
   - Recreational Activities: Enjoys gardening and reading

5) Demographic Information:
   - Age: 45
   - Gender: Female
   - Ethnicity: Asian
   - Socio-economic Status: Upper-middle income
   - Education Level: PhD in Biology
   - Health Literacy: Very high
   - Job Status: University Professor

6) Patient's Behavior:
   - Level of cooperation with medical advice: Very cooperative, adheres to medical advice thoroughly

7) Geographical Location: 
   - Big City vs Small City: Big City 
   - Rural vs Urban: Urban
   - Pollution and Environmental Health Risks: High pollution, leading to exacerbation of respiratory issues
   - Neighborhood Type: Affluent, with good access to healthcare services

8) Clinical Setting:
   - Telemedicine

9) Type of Encounter:
   - Follow-up Consultation

10) Treatment Disparities:
   - No significant disparities; comprehensive and advanced care provided due to high socio-economic status and health literacy

11) Native or Non-Native English-Speaking Patient:
   - Non-Native English Speaker (main language: Mandarin)

12) Physical exams:
   - N/A (as the encounter is via telemedicine)

13) Investigation/Test results:
   - Awaiting: Blood cultures, Complete Blood Count (CBC), Basic Metabolic Panel (BMP), C-reactive protein (CRP), Procalcitonin"|"#####
**1. Subjective:**

**Chief Complaint (CC):**
Persistent fever, shortness of breath, fatigue, and cough.

**History of Present Illness (HPI):**
The patient is a 45-year-old Asian female who presents with a 5-day history of moderate symptoms, including persistent fever (38.8°C), shortness of breath, fatigue, and intermittent cough. She self-reports the severity of symptoms as 6/10. The symptoms have significantly reduced her ability to perform daily chores. She has a history of asthma and chronic hepatitis B, managed with inhaled corticosteroids and tenofovir disoproxil fumarate respectively. She has no known drug allergies. 

**Review of Systems (ROS):**
- **Constitutional:** Fever (38.8°C), fatigue.
- **Respiratory:** Shortness of breath, cough.
- **Gastrointestinal:** No nausea or vomiting, normal bowel movements.
- **Cardiovascular:** No chest pain or palpitations.
- **Neurological:** No headaches or dizziness.
- **Musculoskeletal:** No joint pain or muscle aches.
- **Integumentary:** No rashes or skin lesions.
- **Psychiatric:** No anxiety or depression.

**Past History:**
- Asthma
- Chronic Hepatitis B

**Family History:**
- Mother had asthma and diabetes.
- Father had hypertension.

**Social History:**
- Non-smoker, non-alcoholic, and no recreational drug use.
- Light physical activities and yoga thrice a week.
- Balanced diet but low calorie.

**Current Medications:**
- Inhaled corticosteroids
- Tenofovir disoproxil fumarate

**2. Objective:**

**Physical Exam:**
- Not applicable as the encounter is via telemedicine.

**Investigations/Test Results:**
- Awaiting results: Blood cultures, Complete Blood Count (CBC), Basic Metabolic Panel (BMP), C-reactive protein (CRP), Procalcitonin.

**3. Assessment:**

- **Diagnosis:** Other Gram-Negative Sepsis, presumed based on clinical presentation and pending laboratory results.
- The patient's history of asthma and chronic hepatitis B might complicate the current infection; however, there are no signs of acute exacerbation.

**4. Plan:**

- **Treatment:**
  - Start Intravenous Levofloxacin 750 mg, once daily for 7 days.
  - Initiate Intravenous fluids: D5 Normal Saline 2 liters bolus, then 75 mL/hr continuous infusion.
- **Follow-Up Recommendations:**
  - Re-evaluate in 72 hours for clinical improvement and further management decisions.
- **Additional Tests and Referrals:**
  - Continue monitoring with pending Blood cultures, CBC, BMP, CRP, and Procalcitonin.
  - No current need for referral to other specialists, but re-evaluate based on test results and clinical course.

**Instructions:**

- Advise the patient to continue their inhaled corticosteroids and tenofovir disoproxil fumarate as prescribed.
- Provide clear instructions for the intravenous antibiotic and fluids regimen.
- Emphasize the importance of adhering to the treatment plan and follow-up schedule.
- Discuss signs of worsening infection or side effects of antibiotics to watch out for and when to seek immediate medical attention.
- Reiterate the importance of maintaining hydration and rest.

#####"|"**1. Subjective:**

**Chief Complaint (CC):**
Persistent fever, shortness of breath, fatigue, and cough.

**History of Present Illness (HPI):**
The patient, named Mei Lin, is a 45-year-old Asian female who presents with a 5-day history of moderate symptoms, including persistent fever (38.8°C), shortness of breath, fatigue, and intermittent cough. She self-reports the severity of symptoms as 6/10. The symptoms have significantly reduced her ability to perform daily chores. She has a history of asthma and chronic hepatitis B, managed with inhaled corticosteroids and tenofovir disoproxil fumarate respectively. She has no known drug allergies. 

**Review of Systems (ROS):**
- **Constitutional:** Fever (38.8°C), fatigue.
- **Respiratory:** Shortness of breath, cough.
- **Gastrointestinal:** No nausea or vomiting, normal bowel movements.
- **Cardiovascular:** No chest pain or palpitations.
- **Neurological:** No headaches or dizziness.
- **Musculoskeletal:** No joint pain or muscle aches.
- **Integumentary:** No rashes or skin lesions.
- **Psychiatric:** No anxiety or depression.

**Past History:**
- Asthma
- Chronic Hepatitis B

**Family History:**
- Mother had asthma and diabetes.
- Father had hypertension.

**Social History:**
- Non-smoker, non-alcoholic, and no recreational drug use.
- Light physical activities and yoga thrice a week.
- Balanced diet but low calorie.

**Current Medications:**
- Inhaled corticosteroids
- Tenofovir disoproxil fumarate

**2. Objective:**

**Physical Exam:**
- Not applicable as the encounter is via telemedicine.

**Investigations/Test Results:**
- Awaiting results: Blood cultures, Complete Blood Count (CBC), Basic Metabolic Panel (BMP), C-reactive protein (CRP), Procalcitonin.

**3. Assessment:**

- **Diagnosis:** Other Gram-Negative Sepsis, presumed based on clinical presentation and pending laboratory results.
- The patient's history of asthma and chronic hepatitis B might complicate the current infection; however, there are no signs of acute exacerbation.

**4. Plan:**

- **Treatment:**
  - Start Intravenous Levofloxacin 750 mg, once daily for 7 days.
  - Initiate Intravenous fluids: D5 Normal Saline 2 liters bolus, then 75 mL/hr continuous infusion.
- **Follow-Up Recommendations:**
  - Re-evaluate in 72 hours for clinical improvement and further management decisions.
- **Additional Tests and Referrals:**
  - Continue monitoring with pending Blood cultures, CBC, BMP, CRP, and Procalcitonin.
- **Instructions:**
  - Advise the patient to continue their inhaled corticosteroids and tenofovir disoproxil fumarate as prescribed.
  - Provide clear instructions for the intravenous antibiotic and fluids regimen.
  - Emphasize the importance of adhering to the treatment plan and follow-up schedule.
  - Discuss signs of worsening infection or side effects of antibiotics to watch out for and when to seek immediate medical attention.
  - Reiterate the importance of maintaining hydration and rest."|"**1. Subjective:**

**CC:**
Persistent fever, SOB, fatigue, and cough.

**HPI:**
The patient, named Mei Lin, is a 45-year-old Asian female who presents with a 5-day hx of moderate sx, including persistent fever (38.8°C), SOB, fatigue, and intermittent cough. She self-reports the severity of sx as 6/10. The sx have significantly reduced her ability to perform ADLs. She has a hx of asthma and chronic Hep B, managed with ICS and TDF respectively. She has NKDA.

**ROS:**
- **Constitutional:** Fever (38.8°C), fatigue.
- **Respiratory:** SOB, cough.
- **GI:** No N/V, normal BM.
- **CV:** No CP or palpitations.
- **Neuro:** No HA or dizziness.
- **MSK:** No joint pain or myalgia.
- **Integ:** No rashes or skin lesions.
- **Psych:** No anxiety or depression.

**Past Hx:**
- Asthma
- Chronic Hep B

**Fam Hx:**
- Mother had asthma and DM.
- Father had HTN.

**Soc Hx:**
- Non-smoker, non-alcoholic, and no recreational drug use.
- Light physical activities and yoga TID.
- Balanced diet but low calorie.

**Current Meds:**
- ICS
- TDF

**2. Objective:**

**Physical Exam:**
- N/A as the encounter is via telemedicine.

**Investigations/Test Results:**
- Awaiting results: Blood cultures, CBC, BMP, CRP, Procalcitonin.

**3. Assessment:**

- **Dx:** Other Gram-Negative Sepsis, presumed based on clinical presentation and pending lab results.
- The patient's hx of asthma and chronic Hep B might complicate the current infection; however, there are no signs of acute exacerbation.

**4. Plan:**

- **Tx:**
  - Start IV Levofloxacin 750 mg, QD for 7 days.
  - Initiate IV fluids: D5 NS 2L bolus, then 75 mL/hr continuous infusion.
- **F/U Recommendations:**
  - Re-evaluate in 72 hrs for clinical improvement and further mgmt decisions.
- **Additional Tests and Referrals:**
  - Continue monitoring with pending Blood cultures, CBC, BMP, CRP, and Procalcitonin.
- **Instructions:**
  - Advise the patient to continue their ICS and TDF as prescribed.
  - Provide clear instructions for the IV antibiotic and fluids regimen.
  - Emphasize the importance of adhering to the tx plan and F/U schedule.
  - Discuss signs of worsening infection or side effects of antibiotics to watch out for and when to seek immediate medical attention.
  - Reiterate the importance of maintaining hydration and rest."|Infectious Disease Specialist
OTHER GRAM-NEGATIVE SEPSIS|"**ROLE:** Cardiologist 

**Scenario:**

- **Medical Outcome:**
  - Diagnosis: Angina Pectoris (I20.9)
  - Treatment: 
    - Medication: Nitroglycerin 0.4 mg, sublingual, PRN for chest pain
    - Medication: Atenolol 50 mg, oral, once daily
    - Lifestyle changes: Low-fat diet, regular aerobic exercise (30 minutes daily), smoking cessation
  - Follow-up recommendations: Monthly follow-up visits, assess response to medication and lifestyle changes
  - Referral to specialists: Referral to a cardiac rehabilitation program, Dr. Sarah Huang
  - Blood work: Lipid panel, CBC, HbA1c
  - Imaging: Stress test (Exercise treadmill test), Echocardiogram

- **Medical History:**
  - Previous Diagnoses: Hyperlipidemia, Type 2 Diabetes Mellitus
  - Family Medical History: Mother with coronary artery disease, father with hypertension
  - Medication History: Atorvastatin 20 mg daily, Metformin 1000 mg BID
  - Allergies: None
  - Chronic Conditions: Type 2 Diabetes Mellitus, Hyperlipidemia

- **Symptom Description:**
  - Severity: Moderate
  - Duration: 2 months
  - Associated Symptoms: Chest pain radiating to the left arm, shortness of breath, sweating
  - Frequency: Occurs during physical exertion, relieved by rest
  - Impact on Daily Activities: Limits ability to perform strenuous activities

- **Patient’s self-reported habits and lifestyle:**
  - Sleep: Adequate, 7-8 hours/night
  - Diet: High in trans fats and sugars
  - Exercise: Infrequent, sedentary
  - Tobacco Use: Smokes 10 cigarettes/day
  - Alcohol Consumption: Moderate, 2-3 drinks/week
  - Drug Use: None
  - Recreational Activities: Enjoys watching sports, infrequent physical activities

- **Demographic Information:**
  - Age: 57
  - Gender: Male
  - Ethnicity: Caucasian
  - Socio-economic Status: Middle class
  - Education Level: Associate's degree
  - Health Literacy: Moderate
  - Job Status: Office worker

- **Patient's Behavior:**
  - The level of patient's cooperation with medical advice: Moderate, somewhat compliant but struggles with quitting smoking
  
- **Geographical Location:**
  - Big City vs Small City: Big City
  - Rural vs Urban: Urban
  - Pollution and Environmental Health Risks: Moderate pollution
  - Neighborhood Type: Well-served by transit, good access to health services

- **Clinical Setting:**
  - Private Practice

- **Type of Encounter:**
  - Routine Check-up

- **Treatment Disparities:**
  - None
  
- **Native or Non-Native English Speaking Patient:**
  - Native English Speaking Patient

- **Physical exams:**
  - General appearance: Slightly overweight, appears well
  - Cardiovascular: BP 140/90 mmHg, regular heart rate, no murmurs
  - Respiratory: Clear to auscultation, no wheezing
  - Abdominal: Non-tender, no organomegaly
  - Musculoskeletal: No edema, normal range of motion
  
- **Investigation/Test results:**
  - Lipid panel: Awaiting results
  - CBC: Awaiting results
  - HbA1c: Awaiting results
  - Stress test: Scheduled
  - Echocardiogram: Scheduled"|"### Medical Note:

#### 1. Subjective:
**Chief Complaint (CC):**
- Chest pain radiating to the left arm, shortness of breath, and sweating for 2 months.

**History of Present Illness (HPI):**
- The patient is a 57-year-old Caucasian male presenting with moderate chest pain that has persisted for the past 2 months. The pain occurs during physical exertion and is relieved by rest. The patient reports associated symptoms of shortness of breath and sweating. This syndrome has significantly limited his ability to perform strenuous activities.
- He has a known history of hyperlipidemia and Type 2 Diabetes Mellitus. His current medication regimen includes Atorvastatin 20 mg daily and Metformin 1000 mg BID. He has no known allergies.
- There is a family history of coronary artery disease (mother) and hypertension (father).

**Review of Systems (ROS):**
- Cardiovascular: Reports chest pain radiating to the left arm, shortness of breath, and sweating.
- Respiratory: Denies wheezing or cough.
- Gastrointestinal: Denies nausea, vomiting, or abdominal pain.
- Musculoskeletal: Denies joint pain or swelling.
- Neurological: Denies dizziness or syncope.

**Patient Habits and Lifestyle:**
- Diet: High in trans fats and sugars.
- Exercise: Infrequent and sedentary lifestyle.
- Tobacco Use: Smokes 10 cigarettes/day.
- Alcohol Consumption: Moderate, 2-3 drinks/week.
- Sleep: Adequate, 7-8 hours per night.
- Recreational Activities: Enjoys watching sports, infrequent physical activities.
- The patient is moderately compliant with medical advice but struggles with quitting smoking.

#### 2. Objective:
**Vital Signs:**
- BP: 140/90 mmHg
- HR: Regular
- Respiratory rate: Normal
- Temperature: Normal

**Physical Exam:**
- General Appearance: Slightly overweight, appears well.
- Cardiovascular: Regular heart rate, no murmurs.
- Respiratory: Clear to auscultation, no wheezing.
- Abdominal: Non-tender, no organomegaly.
- Musculoskeletal: No edema, normal range of motion.

**Investigation/Test Results:**
- Lipid panel: Awaiting results.
- CBC: Awaiting results.
- HbA1c: Awaiting results.
- Stress test (Exercise treadmill test): Scheduled.
- Echocardiogram: Scheduled.

#### 3. Assessment:
- Diagnosis: Angina Pectoris (I20.9)
- Differential Diagnosis: Excluded due to clinical presentation aligning with angina pectoris and patient's history of hyperlipidemia and diabetes.
  
#### 4. Plan:
**Medications:**
- Nitroglycerin 0.4 mg, sublingual, PRN for chest pain.
- Atenolol 50 mg, oral, once daily.

**Lifestyle Changes:**
- Low-fat diet.
- Regular aerobic exercise (30 minutes daily).
- Smoking cessation support.

**Follow-Up:**
- Monthly follow-up visits to assess response to medication and lifestyle changes.

**Referral to Specialists:**
- Referral to a cardiac rehabilitation program, Dr. Sarah Huang.

**Investigations:**
- Blood Work: Lipid panel, CBC, HbA1c.
- Imaging: Stress test (Exercise treadmill test), Echocardiogram.

**Patient Education and Counseling:**
- Discussed the importance of lifestyle changes, especially smoking cessation, diet modification, and regular exercise.
- Advised on the proper use of nitroglycerin for chest pain.
- Educated on potential side effects of atenolol and the importance of adherence to prescribed medications.

#######

The patient was receptive to the recommendations and expressed a commitment to making the necessary lifestyle changes. The next follow-up appointment is scheduled for one month from today."|"### Medical Note:

#### 1. Subjective:
**Chief Complaint (CC):**
- Chest pain radiating to the left arm, shortness of breath, and sweating for 2 months.

**History of Present Illness (HPI):**
- The patient is a 57-year-old Caucasian male presenting with moderate chest pain that has persisted for the past 2 months. The pain occurs during physical exertion and is relieved by rest. The patient reports associated symptoms of shortness of breath and sweating. This syndrome has significantly limited his ability to perform strenuous activities.
- He has a known history of hyperlipidemia and Type 2 Diabetes Mellitus. His current medication regimen includes Atorvastatin 20 mg daily and Metformin 1000 mg BID. He has no known allergies.
- There is a family history of coronary artery disease (mother) and hypertension (father).

**Review of Systems (ROS):**
- Cardiovascular: Reports chest pain radiating to the left arm, shortness of breath, and sweating.
- Respiratory: Denies wheezing or cough.
- Gastrointestinal: Denies nausea, vomiting, or abdominal pain.
- Musculoskeletal: Denies joint pain or swelling.
- Neurological: Denies dizziness or syncope.

**Patient Habits and Lifestyle:**
- Diet: High in trans fats and sugars.
- Exercise: Infrequent and sedentary lifestyle.
- Tobacco Use: Smokes 10 cigarettes/day.
- Alcohol Consumption: Moderate, 2-3 drinks/week.
- Sleep: Adequate, 7-8 hours per night.
- Recreational Activities: Enjoys watching sports, infrequent physical activities.
- The patient is moderately compliant with medical advice but struggles with quitting smoking.

#### 2. Objective:
**Vital Signs:**
- BP: 140/90 mmHg
- HR: Regular
- Respiratory rate: Normal
- Temperature: Normal

**Physical Exam:**
- General Appearance: Slightly overweight, appears well.
- Cardiovascular: Regular heart rate, no murmurs.
- Respiratory: Clear to auscultation, no wheezing.
- Abdominal: Non-tender, no organomegaly.
- Musculoskeletal: No edema, normal range of motion.

**Investigation/Test Results:**
- Lipid panel: Awaiting results.
- CBC: Awaiting results.
- HbA1c: Awaiting results.

#### 3. Assessment:
- Diagnosis: Angina Pectoris (I20.9)
- Differential Diagnosis: Excluded due to clinical presentation aligning with angina pectoris and patient's history of hyperlipidemia and diabetes.

#### 4. Plan:
**Medications:**
- Nitroglycerin 0.4 mg, sublingual, PRN for chest pain.
- Atenolol 50 mg, oral, once daily.

**Lifestyle Changes:**
- Low-fat diet.
- Regular aerobic exercise (30 minutes daily).
- Smoking cessation support.

**Follow-Up:**
- Monthly follow-up visits to assess response to medication and lifestyle changes.

**Referral to Specialists:**
- Referral to a cardiac rehabilitation program, Dr. Sarah Huang, for management of angina and lifestyle modification.

**Investigations:**
- Blood Work: Lipid panel, CBC, HbA1c.
- Imaging: Stress test (Exercise treadmill test), Echocardiogram.

**Patient Education and Counseling:**
- Discussed the importance of lifestyle changes, especially smoking cessation, diet modification, and regular exercise.
- Advised on the proper use of nitroglycerin for chest pain.
- Educated on potential side effects of atenolol and the importance of adherence to prescribed medications.

The patient was receptive to the recommendations and expressed a commitment to making the necessary lifestyle changes. The next follow-up appointment is scheduled for one month from today."|"### Medical Note:

#### 1. Subjective:
**CC:**
- CP radiating to the L arm, SOB, and diaphoresis for 2 months.

**HPI:**
- The pt is a 57 y/o Caucasian male presenting with moderate CP that has persisted for the past 2 months. The pain occurs during physical exertion and is relieved by rest. The pt reports associated symptoms of SOB and diaphoresis. This syndrome has significantly limited his ability to perform strenuous activities.
- He has a known hx of HLD and T2DM. His current med regimen includes Atorvastatin 20 mg QD and Metformin 1000 mg BID. He has no known allergies.
- There is a FHx of CAD (mother) and HTN (father).

**ROS:**
- CV: Reports CP radiating to the L arm, SOB, and diaphoresis.
- Resp: Denies wheezing or cough.
- GI: Denies nausea, vomiting, or abdominal pain.
- MSK: Denies joint pain or swelling.
- Neuro: Denies dizziness or syncope.

**Patient Habits and Lifestyle:**
- Diet: High in trans fats and sugars.
- Exercise: Infrequent and sedentary lifestyle.
- Tobacco Use: Smokes 10 cigarettes/day.
- Alcohol Consumption: Moderate, 2-3 drinks/week.
- Sleep: Adequate, 7-8 hours per night.
- Recreational Activities: Enjoys watching sports, infrequent physical activities.
- The pt is moderately compliant with medical advice but struggles with quitting smoking.

#### 2. Objective:
**VS:**
- BP: 140/90 mmHg
- HR: Regular
- RR: Normal
- Temp: Normal

**PE:**
- General Appearance: Slightly overweight, appears well.
- CV: Regular heart rate, no murmurs.
- Resp: Clear to auscultation, no wheezing.
- Abd: Non-tender, no organomegaly.
- MSK: No edema, normal ROM.

**Investigation/Test Results:**
- Lipid panel: Awaiting results.
- CBC: Awaiting results.
- HbA1c: Awaiting results.

#### 3. Assessment:
- Dx: Angina Pectoris (I20.9)
- DDx: Excluded due to clinical presentation aligning with angina pectoris and pt's hx of HLD and T2DM.

#### 4. Plan:
**Meds:**
- Nitroglycerin 0.4 mg, SL, PRN for CP.
- Atenolol 50 mg, PO, QD.

**Lifestyle Changes:**
- Low-fat diet.
- Regular aerobic exercise (30 min daily).
- Smoking cessation support.

**Follow-Up:**
- Monthly F/U visits to assess response to meds and lifestyle changes.

**Referral to Specialists:**
- Referral to a cardiac rehab program, Dr. Sarah Huang, for mgmt of angina and lifestyle modification.

**Investigations:**
- Blood Work: Lipid panel, CBC, HbA1c.
- Imaging: Stress test (ETT), Echo.

**Pt Education and Counseling:**
- Discussed the importance of lifestyle changes, especially smoking cessation, diet modification, and regular exercise.
- Advised on the proper use of nitroglycerin for CP.
- Educated on potential SEs of atenolol and the importance of adherence to prescribed meds.

The pt was receptive to the recommendations and expressed a commitment to making the necessary lifestyle changes. The next F/U appointment is scheduled for one month from today."|Role not found in the first 5 lines.
OTHER GRAM-NEGATIVE SEPSIS|"ROLE: Infectious Disease Specialist

**1) Medical Outcome:**
   - Diagnosis: Other Gram-negative sepsis
   - Treatment: 
     - IV Antibiotic: Meropenem 1g IV every 8 hours for 7 days
     - Supportive care: IV fluids (Normal Saline), 1 liter initially, then maintenance fluids as per response
     - Monitoring: Continuous vital signs monitoring, regular blood pressure checks, and daily blood cultures
   - Follow-up recommendations: Re-assessment in 48 hours, follow-up blood cultures after completion of antibiotic therapy
   - Referral: Intensive Care Unit (ICU) for close monitoring, Dr. Jane Doe, Intensivist
   - Order for blood work: Complete Blood Count (CBC), Blood Chemistry, Blood Cultures, Lactate levels, C-Reactive Protein (CRP)
   - Order for imaging: Chest X-ray to rule out any pulmonary focus of infection

**2) Medical History:**
   - Previous Diagnoses: Type 2 Diabetes Mellitus, Hypertension
   - Medication History: Metformin 500mg twice daily, Lisinopril 10mg once daily
   - Allergies: Penicillin
   - Chronic Conditions: Type 2 Diabetes Mellitus, Hypertension

**3) Symptom Description:**
   - Severity: Severe
   - Duration: 2 days
   - Associated Symptoms: Fever, chills, altered mental status, hypotension
   - Frequency: Continuous
   - Impact on Daily Activities: Unable to perform any activities, bedridden

**4) Patient’s self-reported habits and lifestyle:**
   - Sleep: Poor, due to illness
   - Diet: Poor, decreased appetite
   - Exercise: None, due to illness
   - Tobacco Use: None
   - Alcohol Consumption: Occasional, but none in the last week
   - Drug Use: None
   - Recreational Activities: None

**5) Demographic Information:**
   - Age: 55
   - Gender: Male
   - Ethnicity: African American
   - Socio-economic Status: Middle class
   - Education Level: College graduate
   - Health Literacy: Moderate
   - Job Status: Employed, accountant

**6) Patient's Behavior:**
   - Cooperative with medical advice, although appears anxious about his condition

**7) Geographical Location:**
   - Urban, Big City
   - Pollution and Environmental Health Risks: Moderate pollution
   - Neighborhood Type: Well-served by transit, access to healthcare facilities

**8) Clinical Setting:**
   - Hospital

**9) Type of Encounter:**
   - Emergency Visit

**10) Treatment Disparities:**
   - None noted, patient has insurance and access to care

**11) Native or Non-Native English Speaking Patient:**
   - Native English Speaking

**12) Physical exams:**
   - General: Febrile, confused, lethargic
   - Cardiovascular: Hypotensive (BP: 90/60 mmHg)
   - Respiratory: Tachypnea, SpO2 92% on room air
   - Gastrointestinal: Tenderness in the right lower quadrant, no rebound tenderness
   - Dermatological: Warm, flushed skin

**13) Investigation/Test results:**
   - Awaiting Results: CBC, Blood Chemistry, Blood Cultures, Lactate levels, CRP
   - Imaging Ready and Reviewed: Chest X-ray shows no acute pulmonary changes"|"#####
**1. Subjective:**

**Chief Complaint (CC):**
Severe fever, chills, and altered mental status for the past 2 days.

**History of Present Illness (HPI):**
A 55-year-old African American male presents with severe symptoms of fever, chills, altered mental status, and hypotension. The patient reports that the symptoms began abruptly two days ago and have progressively worsened. He is currently bedridden and unable to perform any daily activities. The patient has a history of Type 2 Diabetes Mellitus and Hypertension, which are managed with Metformin 500mg twice daily and Lisinopril 10mg once daily, respectively. He denies any recent alcohol consumption, tobacco use, or recreational drug use. His dietary intake has been poor due to a decreased appetite, and his sleep quality has been poor due to the illness. The patient is anxious about his condition but cooperative with medical advice.

**Review of Systems (ROS):**
- **Constitutional:** Reports fever and chills. Denies recent weight loss.
- **Neurological:** Reports altered mental status. Denies headaches or seizures.
- **Cardiovascular:** Reports hypotension. Denies chest pain or palpitations.
- **Respiratory:** Reports tachypnea. Denies cough or shortness of breath.
- **Gastrointestinal:** Reports right lower quadrant tenderness. Denies nausea or vomiting.
- **Dermatological:** Reports warm, flushed skin. Denies rashes or lesions.

**2. Objective:**

**Physical Exam:**
- **General:** Febrile, confused, lethargic.
- **Cardiovascular:** Hypotensive (BP: 90/60 mmHg).
- **Respiratory:** Tachypnea, SpO2 92% on room air.
- **Gastrointestinal:** Tenderness in the right lower quadrant, no rebound tenderness.
- **Dermatological:** Warm, flushed skin.

**Investigations:**
- **Awaiting Results:** CBC, Blood Chemistry, Blood Cultures, Lactate levels, CRP.
- **Imaging:** Chest X-ray shows no acute pulmonary changes.

**3. Assessment:**
The patient is presenting with symptoms consistent with sepsis, likely due to a Gram-negative bacterial infection. The differential diagnosis includes other potential sources of infection given the patient's febrile status, altered mental state, and GI tenderness. Comorbid conditions such as Type 2 Diabetes Mellitus and Hypertension may complicate the clinical picture.

**4. Plan:**
- **Treatment:**
  - IV Antibiotic: Administer Meropenem 1g IV every 8 hours for 7 days.
  - Supportive Care: Initiate IV fluids (Normal Saline), 1 liter initially, then maintenance fluids as per response.
  - Monitoring: Continuous vital signs monitoring, regular blood pressure checks, and daily blood cultures.

- **Follow-Up Recommendations:**
  - Re-assessment in 48 hours.
  - Follow-up blood cultures after completion of antibiotic therapy.

- **Referral:**
  - Transfer to the Intensive Care Unit (ICU) for close monitoring by Dr. Jane Doe, Intensivist.

- **Additional Orders:**
  - Blood Work: Complete Blood Count (CBC), Blood Chemistry, Blood Cultures, Lactate levels, C-Reactive Protein (CRP).
  - Imaging: Chest X-ray to rule out any pulmonary focus of infection.

The patient and family have been informed of the seriousness of his condition, the treatment plan, and the necessity for ICU monitoring. All questions were answered, and consent for treatment was obtained."|"#####
**1. Subjective:**

**Chief Complaint (CC):**
Severe fever, chills, and altered mental status for the past 2 days.

**History of Present Illness (HPI):**
A 55-year-old African American male presents with severe symptoms of fever, chills, altered mental status, and hypotension. The patient reports that the symptoms began abruptly two days ago and have progressively worsened. He is currently bedridden and unable to perform any daily activities. The patient has a history of Type 2 Diabetes Mellitus and Hypertension, which are managed with Metformin 500mg twice daily and Lisinopril 10mg once daily, respectively. He denies any recent alcohol consumption, tobacco use, or recreational drug use. His dietary intake has been poor due to a decreased appetite, and his sleep quality has been poor due to the illness. The patient is anxious about his condition but cooperative with medical advice.

**Review of Systems (ROS):**
- **Constitutional:** Reports fever and chills. Denies recent weight loss.
- **Neurological:** Reports altered mental status. Denies headaches or seizures.
- **Cardiovascular:** Reports hypotension. Denies chest pain or palpitations.
- **Respiratory:** Reports tachypnea. Denies cough or shortness of breath.
- **Gastrointestinal:** Reports right lower quadrant tenderness. Denies nausea or vomiting.
- **Dermatological:** Reports warm, flushed skin. Denies rashes or lesions.

**2. Objective:**

**Physical Exam:**
- **General:** Febrile, confused, lethargic.
- **Cardiovascular:** Hypotensive (BP: 90/60 mmHg).
- **Respiratory:** Tachypnea, SpO2 92% on room air.
- **Gastrointestinal:** Tenderness in the right lower quadrant, no rebound tenderness.
- **Dermatological:** Warm, flushed skin.

**Investigations:**
- **Awaiting Results:** CBC, Blood Chemistry, Blood Cultures, Lactate levels, CRP.
- **Imaging:** Chest X-ray shows no acute pulmonary changes.

**3. Assessment:**
The patient is presenting with symptoms consistent with sepsis, likely due to a Gram-negative bacterial infection. The differential diagnosis includes other potential sources of infection given the patient's febrile status, altered mental state, and GI tenderness. Comorbid conditions such as Type 2 Diabetes Mellitus and Hypertension may complicate the clinical picture.

**4. Plan:**
- **Treatment:**
  - IV Antibiotic: Administer Meropenem 1g IV every 8 hours for 7 days.
  - Supportive Care: Initiate IV fluids (Normal Saline), 1 liter initially, then maintenance fluids as per response.
  - Monitoring: Continuous vital signs monitoring, regular blood pressure checks, and daily blood cultures.

- **Follow-Up Recommendations:**
  - Re-assessment in 48 hours.
  - Follow-up blood cultures after completion of antibiotic therapy.

- **Referral:**
  - Transfer to the Intensive Care Unit (ICU) for close monitoring by Dr. Jane Doe, Intensivist.

- **Additional Orders:**
  - Blood Work: Complete Blood Count (CBC), Blood Chemistry, Blood Cultures, Lactate levels, C-Reactive Protein (CRP).
  - Imaging: Chest X-ray to rule out any pulmonary focus of infection.

The patient and family have been informed of the seriousness of his condition, the treatment plan, and the necessity for ICU monitoring. All questions were answered, and consent for treatment was obtained."|"#####
**1. Subjective:**

**CC:**
Severe fever, chills, and AMS for the past 2 days.

**HPI:**
A 55-year-old African American male presents with severe sx of fever, chills, AMS, and hypotension. The pt reports that the sx began abruptly two days ago and have progressively worsened. He is currently bedridden and unable to perform any ADLs. The pt has a hx of T2DM and HTN, which are managed with Metformin 500mg BID and Lisinopril 10mg QD, respectively. He denies any recent EtOH consumption, tobacco use, or recreational drug use. His dietary intake has been poor due to a decreased appetite, and his sleep quality has been poor due to the illness. The pt is anxious about his condition but cooperative with medical advice.

**ROS:**
- **Constitutional:** Reports fever and chills. Denies recent weight loss.
- **Neurological:** Reports AMS. Denies headaches or seizures.
- **Cardiovascular:** Reports hypotension. Denies chest pain or palpitations.
- **Respiratory:** Reports tachypnea. Denies cough or SOB.
- **Gastrointestinal:** Reports RLQ tenderness. Denies nausea or vomiting.
- **Dermatological:** Reports warm, flushed skin. Denies rashes or lesions.

**2. Objective:**

**Physical Exam:**
- **General:** Febrile, confused, lethargic.
- **Cardiovascular:** Hypotensive (BP: 90/60 mmHg).
- **Respiratory:** Tachypnea, SpO2 92% on RA.
- **Gastrointestinal:** Tenderness in the RLQ, no rebound tenderness.
- **Dermatological:** Warm, flushed skin.

**Investigations:**
- **Awaiting Results:** CBC, Blood Chem, Blood Cx, Lactate levels, CRP.
- **Imaging:** CXR shows no acute pulmonary changes.

**3. Assessment:**
The pt is presenting with sx consistent with sepsis, likely due to a Gram-negative bacterial infection. The differential dx includes other potential sources of infection given the pt's febrile status, AMS, and GI tenderness. Comorbid conditions such as T2DM and HTN may complicate the clinical picture.

**4. Plan:**
- **Treatment:**
  - IV Abx: Administer Meropenem 1g IV q8h for 7 days.
  - Supportive Care: Initiate IV fluids (NS), 1L initially, then maintenance fluids as per response.
  - Monitoring: Continuous VS monitoring, regular BP checks, and daily blood Cx.

- **Follow-Up Recommendations:**
  - Re-assessment in 48 hours.
  - Follow-up blood Cx after completion of Abx therapy.

- **Referral:**
  - Transfer to the ICU for close monitoring by Dr. Jane Doe, Intensivist.

- **Additional Orders:**
  - Blood Work: CBC, Blood Chem, Blood Cx, Lactate levels, CRP.
  - Imaging: CXR to rule out any pulmonary focus of infection.

The pt and family have been informed of the seriousness of his condition, the treatment plan, and the necessity for ICU monitoring. All questions were answered, and consent for treatment was obtained."|Infectious Disease Specialist
OTHER GRAM-NEGATIVE SEPSIS|"ROLE: Infectious Disease Specialist

**1) Medical Outcome:**
   - Diagnosis: Other Gram-Negative Sepsis
   - Prescribed Treatment: IV Cefepime 2g every 8 hours for 10 days
   - Follow-up Recommendations: Re-evaluate in 48 hours for response to treatment
   - Referral to Specialists: Critical Care for intensive monitoring

**2) Medical History:**
   - Previous Diagnoses: Hypertension, Chronic Kidney Disease Stage 3
   - Family Medical History: No significant history of infections
   - Medication History: Lisinopril 10 mg daily, Atorvastatin 20 mg daily
   - Allergies: Penicillin (causes rash)
   - Chronic Conditions: Hypertension, Chronic Kidney Disease Stage 3

**3) Symptom Description:**
   - Severity: Severe
   - Duration: 3 days
   - Associated Symptoms: Fever, chills, confusion, decreased urine output
   - Frequency: Persistent
   - Impact on Daily Activities: Completely incapacitating

**4) Patient’s Self-Reported Habits and Lifestyle:**
   - Sleep: Poor quality; difficulty staying asleep due to nocturia
   - Diet: Balanced but low protein due to CKD; low sodium
   - Exercise: Limited to walking due to fatigue
   - Tobacco Use: None
   - Alcohol Consumption: None
   - Drug Use: None
   - Recreational Activities: Limited due to chronic fatigue

**5) Demographic Information:**
   - Age: 68
   - Gender: Male
   - Ethnicity: African American
   - Socio-Economic Status: Lower-middle class
   - Education Level: High school graduate
   - Health Literacy: Basic understanding of his chronic conditions
   - Job Status: Retired

**6) Patient's Behavior:**
   - Level of cooperation: Highly cooperative with medical advice

**7) Geographical Location:**
   - Big City vs Small City: Big City
   - Urban vs Rural: Urban
   - Pollution and Environmental Health Risks: Moderate pollution
   - Neighborhood Type: Working-class neighborhood, limited access to fresh foods

**8) Clinical Setting:**
   - Clinical Setting: Hospital

**9) Type of Encounter:**
   - Type of Encounter: Emergency Visit

**10) Treatment Disparities:**
   - Potential delay in presenting to hospital due to financial concerns and limited access to transportation.

**11) Native or Non-Native English Speaking Patient:**
   - Native English Speaking Patient

**12) Physical exams:**
   - General: Appears unwell; febrile (38.9°C)
   - Cardiovascular: Tachycardia (HR 110) with regular rhythm
   - Respiratory: Tachypnea (RR 24), clear breath sounds
   - Abdomen: Non-tender, no organomegaly
   - Extremities: Cool, with delayed capillary refill
   - Neurological: Alert but confused, oriented to person only

**13) Investigation/Test results:**
   - Blood work: Awaiting results for CBC, blood cultures, renal function tests
   - Imaging: Ordered Chest X-ray to rule out pneumonia as the source of sepsis
"|Rejected|Rejected|Rejected|Rejected
OTHER GRAM-NEGATIVE SEPSIS|"ROLE: Infectious Disease Specialist

**1) Medical Outcome:**
   - Diagnosis: Other Gram-Negative Sepsis
   - Prescribed Treatment: IV Meropenem 1g every 8 hours for 10 days
   - Follow-up Recommendations: Re-evaluate in 24 hours for response to treatment, Daily lab work to monitor renal function
   - Referral to Specialists: Critical Care for intensive monitoring, Nephrologist Dr. Susan Lee for CKD management

**2) Medical History:**
   - Previous Diagnoses: Hypertension, Chronic Kidney Disease Stage 4
   - Family Medical History: Diabetes Mellitus, Coronary Artery Disease
   - Medication History: Lisinopril 10 mg daily, Atorvastatin 20 mg daily, Calcium acetate 667 mg with meals
   - Allergies: Penicillin (causes rash)
   - Chronic Conditions: Hypertension, Chronic Kidney Disease Stage 4

**3) Symptom Description:**
   - Severity: Severe
   - Duration: 2 days
   - Associated Symptoms: High fever, chills, lethargy, hypotension, oliguria
   - Frequency: Persistent
   - Impact on Daily Activities: Bedridden

**4) Patient’s Self-Reported Habits and Lifestyle:**
   - Sleep: Interrupted by frequent urination and discomfort
   - Diet: Low sodium and low potassium diet
   - Exercise: Minimal due to fatigue and weakness
   - Tobacco Use: Smokes 1 pack per day for 30 years
   - Alcohol Consumption: Occasionally, 1-2 drinks per week
   - Drug Use: None
   - Recreational Activities: Watching television, reading

**5) Demographic Information:**
   - Age: 72
   - Gender: Female
   - Ethnicity: Hispanic
   - Socio-Economic Status: Low-income
   - Education Level: Elementary school
   - Health Literacy: Limited, relies on family for medical decision-making
   - Job Status: Retired

**6) Patient's Behavior:**
   - Level of cooperation: Reluctant to follow dietary recommendations, misses occasional doses of her prescribed medication

**7) Geographical Location:**
   - Big City vs Small City: Small City
   - Urban vs Rural: Rural
   - Pollution and Environmental Health Risks: Low pollution, agricultural chemicals exposure
   - Neighborhood Type: Economically disadvantaged, food insecurity present

**8) Clinical Setting:**
   - Clinical Setting: Urgent Care Center

**9) Type of Encounter:**
   - Type of Encounter: Chronic Disease Management turned Emergency Visit

**10) Treatment Disparities:**
   - Financial barriers impacting ability to afford medications, limited transportation access to healthcare facilities

**11) Native or Non-Native English Speaking Patient:**
   - Non-Native English Speaking Patient

**12) Physical exams:**
   - General: Appears acutely ill; high fever (39.5°C)
   - Cardiovascular: Hypotensive (BP 90/60), tachycardia (HR 115)
   - Respiratory: Tachypnea (RR 26), crackles at lung bases
   - Abdomen: Mild tenderness, no organomegaly
   - Extremities: Cool, with delayed capillary refill
   - Neurological: Drowsy, less responsive to stimuli

**13) Investigation/Test results:**
   - Blood work: Awaiting results for CBC, blood cultures, renal function tests
   - Imaging: Ordered Abdominal Ultrasound to rule out any source of infection such as cholecystitis or pyelonephritis
"|Rejected|Rejected|Rejected|Rejected
OTHER GRAM-NEGATIVE SEPSIS|"ROLE: Infectious Disease Specialist

**1) Medical Outcome:**
   - Diagnosis: Other Gram-Negative Sepsis
   - Prescribed Treatment: IV Piperacillin-Tazobactam 3.375g every 6 hours for 10 days
   - Follow-up Recommendations: Re-evaluate in 24 hours, Blood cultures to be repeated in 48 hours
   - Referral to Specialists: Referral to Critical Care for intensive monitoring

**2) Medical History:**
   - Previous Diagnoses: COPD, Hyperlipidemia
   - Family Medical History: Father had lung cancer, Mother had Type 2 Diabetes
   - Medication History: Atorvastatin 20 mg daily, Albuterol inhaler as needed
   - Allergies: Sulfa drugs (causes rash)
   - Chronic Conditions: COPD, Hyperlipidemia

**3) Symptom Description:**
   - Severity: Critical
   - Duration: 4 days
   - Associated Symptoms: High fever, chills, confusion, shortness of breath, cyanosis
   - Frequency: Persistent with worsening symptoms
   - Impact on Daily Activities: Unable to perform any routine activities

**4) Patient’s Self-Reported Habits and Lifestyle:**
   - Sleep: Restless due to respiratory distress
   - Diet: High cholesterol diet, avoids vegetables
   - Exercise: None due to respiratory issues
   - Tobacco Use: Smokes 2 packs per day for 50 years
   - Alcohol Consumption: Heavy drinker, approximately 6 drinks per day
   - Drug Use: None
   - Recreational Activities: None due to health limitations

**5) Demographic Information:**
   - Age: 74
   - Gender: Male
   - Ethnicity: Caucasian
   - Socio-Economic Status: Middle-class
   - Education Level: College graduate
   - Health Literacy: Good understanding but limited compliance
   - Job Status: Retired Accountant

**6) Patient's Behavior:**
   - Level of cooperation: Often non-compliant with medical advice, reluctant to quit smoking or drinking

**7) Geographical Location:**
   - Big City vs Small City: Big City
   - Urban vs Rural: Urban
   - Pollution and Environmental Health Risks: High pollution level
   - Neighborhood Type: Affluent neighborhood with good access to healthcare and fresh foods

**8) Clinical Setting:**
   - Clinical Setting: Private Practice

**9) Type of Encounter:**
   - Type of Encounter: Initial Consultation turned Emergency Admission

**10) Treatment Disparities:**
   - None due to good access to healthcare and insurance coverage

**11) Native or Non-Native English Speaking Patient:**
   - Native English Speaking Patient

**12) Physical exams:**
   - General: Appears acutely ill; febrile (39.0°C)
   - Cardiovascular: Hypotensive (BP 85/55), tachycardia (HR 120)
   - Respiratory: Tachypnea (RR 28), diffuse wheezing, cyanosis present
   - Abdomen: Soft, non-tender
   - Extremities: Cool, with cyanosis
   - Neurological: Confused, disoriented to time and place

**13) Investigation/Test results:**
   - Blood work: Awaiting results for CBC, blood cultures, liver and kidney function tests
   - Imaging: Ordered CT Chest to assess for potential pneumonia as source of sepsis"|Rejected|Rejected|Rejected|Rejected
OTHER GRAM-NEGATIVE SEPSIS|"ROLE: Infectious Disease Specialist

1) Medical Outcome: 
   - Diagnosis: Other Gram-Negative Sepsis
   - Prescribed Treatment: 
     - Intravenous Piperacillin-tazobactam 3.375 grams, every 6 hours for 10 days
     - Intravenous fluids: Normal Saline 1 liter over 4 hours, then 100 mL/hr continuous
   - Follow-up recommendations: Re-evaluate in 48 hours for improvement and potential adjustment of antibiotics based on culture results
   - Referral to specialists: None
   - Referral to further tests: Blood cultures, Complete Blood Count(CBC), Basic Metabolic Panel (BMP), Lactate level
    
2) Medical History: 
   - Previous Diagnoses: Hypertension, Type 2 Diabetes Mellitus
   - Family Medical History: Father died of myocardial infarction, mother has a history of hypertension and chronic kidney disease
   - Medication History: Metformin, Lisinopril
   - Allergies: Non-steroidal anti-inflammatory drugs (NSAIDs)
   - Chronic Conditions: Hypertension, Type 2 Diabetes Mellitus

3) Symptom Description:
   - Severity: Severe, 8/10 pain
   - Duration: 2 days
   - Associated Symptoms: Fever (39.5°C), chills, shortness of breath, confusion
   - Frequency: Continuous
   - Impact on Daily Activities: Confined to bed, difficulty in ambulation, and performing daily activities

4) Patient’s Self-reported Habits and Lifestyle:
   - Sleep: Poor, frequently waking due to chills and fever
   - Diet: High carbohydrate diet
   - Exercise: Minimal, due to fatigue and underlying conditions
   - Tobacco Use: Smokes about 10 cigarettes per day
   - Alcohol Consumption: Occasional/social drinker
   - Drug Use: None
   - Recreational Activities: None reported

5) Demographic Information:
   - Age: 62
   - Gender: Male
   - Ethnicity: Hispanic
   - Socio-economic Status: Low-income
   - Education Level: High school graduate
   - Health Literacy: Moderate
   - Job Status: Retired factory worker

6) Patient's Behavior:
   - Level of cooperation with medical advice: Generally cooperative but occasionally non-compliant with medication regime

7) Geographical Location: 
   - Big City vs Small City: Small City 
   - Rural vs Urban: Rural
   - Pollution and Environmental Health Risks: Moderate pollution, limited access to healthcare facilities
   - Neighborhood Type: Impoverished, limited resources and healthcare services

8) Clinical Setting:
   - Hospitals

9) Type of Encounter:
   - Emergency Visit

10) Treatment Disparities:
   - Due to the patient’s socio-economic status and frequent non-compliance, there might be tendencies to prioritize cost-effective treatments but a robust antibiotic regime is recommended considering the severity of sepsis.

11) Native or Non-Native English-Speaking Patient:
   - Non-Native English Speaker (main language: Spanish)

12) Physical exams:
   - General: Appears ill, diaphoretic
   - Cardiovascular: Tachycardic, no murmurs
   - Respiratory: Mild crackles in bilateral lung bases
   - Gastrointestinal: Soft, non-distended, mild tenderness in the epigastric region
   - Extremities: No edema, warm to touch
   - Neurological: Alert but confused

13) Investigation/Test results:
   - Awaiting: Blood cultures, Complete Blood Count(CBC), Basic Metabolic Panel (BMP), Lactate level
"|Rejected|Rejected|Rejected|Rejected
OTHER GRAM-NEGATIVE SEPSIS|"ROLE: Infectious Disease Specialist

1) Medical Outcome: 
   - Diagnosis: Other Gram-Negative Sepsis
   - Prescribed Treatment: 
     - Intravenous Meropenem 1 gram, every 8 hours for 14 days
     - Intravenous fluids: Normal Saline 2 liters bolus, then 125 mL/hr continuous infusion
   - Follow-up recommendations: Re-evaluate in 24 hours for improvement and adjustment of antibiotics based on culture results
   - Referral to specialists: Infectious Disease for potential resistant organism consultation
   - Referral to further tests: Blood cultures, Complete Blood Count (CBC), Comprehensive Metabolic Panel (CMP), Lactate level, Procalcitonin level
    
2) Medical History: 
   - Previous Diagnoses: Chronic Obstructive Pulmonary Disease (COPD), Chronic Kidney Disease Stage 3
   - Family Medical History: Mother had COPD and hypertension, father had prostate cancer
   - Medication History: Albuterol, Lisinopril, Metformin
   - Allergies: Penicillin
   - Chronic Conditions: Chronic Obstructive Pulmonary Disease (COPD), Chronic Kidney Disease Stage 3

3) Symptom Description:
   - Severity: Severe, 9/10 pain
   - Duration: 3 days
   - Associated Symptoms: High fever (40.0°C), severe weakness, hypotension, altered mental status
   - Frequency: Constant
   - Impact on Daily Activities: Bedridden, unable to perform daily activities

4) Patient’s Self-reported Habits and Lifestyle:
   - Sleep: Poor, frequent waking due to discomfort and fever
   - Diet: Low fiber, high salt diet
   - Exercise: None, due to COPD and fatigue
   - Tobacco Use: Smoking 20 cigarettes per day for the last 40 years
   - Alcohol Consumption: Consumes 4-5 drinks per week
   - Drug Use: None reported
   - Recreational Activities: Limited due to health conditions

5) Demographic Information:
   - Age: 65
   - Gender: Female
   - Ethnicity: Caucasian
   - Socio-economic Status: Middle-income
   - Education Level: College graduate
   - Health Literacy: High
   - Job Status: Retired schoolteacher

6) Patient's Behavior:
   - Level of cooperation with medical advice: Generally compliant, follows medical regimen diligently

7) Geographical Location: 
   - Big City vs Small City: Big City 
   - Rural vs Urban: Urban
   - Pollution and Environmental Health Risks: High pollution, increased respiratory issues
   - Neighborhood Type: Affluent, well-served by healthcare facilities and public transport

8) Clinical Setting:
   - Urgent Care Center

9) Type of Encounter:
   - Initial Consultation

10) Treatment Disparities:
   - Given her middle-income status and high health literacy, the patient is provided comprehensive and aggressive treatment options.

11) Native or Non-Native English-Speaking Patient:
   - Native English Speaker

12) Physical exams:
   - General: Appears acutely ill, pale, diaphoretic
   - Cardiovascular: Tachycardic, no abnormal heart sounds
   - Respiratory: Bilateral wheezing, decreased breath sounds at the bases
   - Gastrointestinal: Soft, non-distended, mild generalized tenderness 
   - Extremities: No edema, warm to touch
   - Neurological: Alert but disoriented

13) Investigation/Test results:
   - Awaiting: Blood cultures, Complete Blood Count (CBC), Comprehensive Metabolic Panel (CMP), Lactate level, Procalcitonin level"|Rejected|Rejected|Rejected|Rejected
OTHER GRAM-NEGATIVE SEPSIS|"ROLE: Infectious Disease Specialist

1) Medical Outcome: 
   - Diagnosis: Other Gram-Negative Sepsis
   - Prescribed Treatment: 
     - Intravenous Ceftriaxone 2 grams, every 12 hours for 14 days
     - Intravenous fluids: Normal Saline 2 liters bolus, then 100 mL/hr continuous infusion
   - Follow-up recommendations: Re-evaluate in 48 hours for improvement and potential adjustment of antibiotics based on culture results
   - Referral to specialists: Infectious Disease consultation for evaluation and management
   - Referral to further tests: Blood cultures, Complete Blood Count (CBC), Liver Function Tests (LFTs), Serum Creatinine, Procalcitonin level, Urinalysis
    
2) Medical History: 
   - Previous Diagnoses: Hyperlipidemia, Osteoarthritis
   - Family Medical History: Father had hypertension and myocardial infarction, mother had breast cancer
   - Medication History: Atorvastatin, Ibuprofen
   - Allergies: Sulfa drugs
   - Chronic Conditions: Hyperlipidemia, Osteoarthritis

3) Symptom Description:
   - Severity: Severe, 9/10 pain
   - Duration: 4 days
   - Associated Symptoms: High fever (40.2°C), severe weakness, hypotension, altered mental status, chills
   - Frequency: Continuous
   - Impact on Daily Activities: Bedridden, severe limitation in daily activities

4) Patient’s Self-reported Habits and Lifestyle:
   - Sleep: Poor, frequent waking due to discomfort and fever
   - Diet: High cholesterol, low fiber diet
   - Exercise: Limited to short walks due to osteoarthritis
   - Tobacco Use: None
   - Alcohol Consumption: Occasional/social drinker
   - Drug Use: None
   - Recreational Activities: Limited due to osteoarthritis

5) Demographic Information:
   - Age: 70
   - Gender: Male
   - Ethnicity: African American
   - Socio-economic Status: Middle-income
   - Education Level: College graduate
   - Health Literacy: High
   - Job Status: Retired engineer

6) Patient's Behavior:
   - Level of cooperation with medical advice: Highly cooperative and follows medical regimen diligently

7) Geographical Location: 
   - Big City vs Small City: Big City 
   - Rural vs Urban: Urban
   - Pollution and Environmental Health Risks: Low pollution, well-served by healthcare facilities
   - Neighborhood Type: Affluent, well-served by public services and healthcare

8) Clinical Setting:
   - Hospital

9) Type of Encounter:
   - Emergency Visit

10) Treatment Disparities:
   - No significant disparities; patient receives aggressive and comprehensive treatment options due to middle-income status and high health literacy

11) Native or Non-Native English-Speaking Patient:
   - Native English Speaker

12) Physical exams:
   - General: Patient appears acutely ill, diaphoretic, and febrile
   - Cardiovascular: Tachycardic, no murmurs
   - Respiratory: Mild crackles in bilateral lung bases
   - Gastrointestinal: Soft, moderately tender in the lower quadrants
   - Extremities: No edema, warm to touch
   - Neurological: Alert but confused and slightly disoriented

13) Investigation/Test results:
   - Awaiting: Blood cultures, Complete Blood Count (CBC), Liver Function Tests (LFTs), Serum Creatinine, Procalcitonin level, Urinalysis"|Rejected|Rejected|Rejected|Rejected
OTHER GRAM-NEGATIVE SEPSIS|"**ROLE:** Infectious Disease Specialist

**Scenario:**

- **Medical Outcome:**
  - Diagnosis: Other Gram-negative sepsis
  - Treatment: 
    - IV antibiotics: Piperacillin-tazobactam 4.5 grams, IV, q6h, for 14 days
    - Blood cultures for identification of specific Gram-negative bacteria
  - Follow-up recommendations: Daily monitoring in the ICU, follow-up blood cultures, infectious disease consultation
  - Referral to specialists: Referral to a nephrologist for kidney function monitoring, Dr. Lisa Newton
  - Blood work: Biochemistry panel, hematology panel, immunology panel
  - Imaging: Chest X-ray to rule out any respiratory involvement

- **Medical History:**
  - Previous Diagnoses: Type 2 Diabetes Mellitus, Hypertension
  - Family Medical History: Mother with history of chronic kidney disease
  - Medication History: Metformin 500 mg BID, Lisinopril 10 mg daily
  - Allergies: No known drug allergies
  - Chronic Conditions: Type 2 Diabetes Mellitus, Hypertension

- **Symptom Description:**
  - Severity: Severe
  - Duration: 2 days
  - Associated Symptoms: High fever (102°F), chills, shortness of breath, confusion, hypotension
  - Frequency: Constant
  - Impact on Daily Activities: Confined to bed, unable to perform daily activities

- **Patient’s self-reported habits and lifestyle:**
  - Sleep: Poor, less than 4 hours/night due to symptoms
  - Diet: Balanced diet but with occasional high sugar intake
  - Exercise: Limited due to obesity (BMI: 32)
  - Tobacco Use: None
  - Alcohol Consumption: Occasional (1-2 glasses of wine/week)
  - Drug Use: None
  - Recreational Activities: Limited due to current illness

- **Demographic Information:**
  - Age: 55
  - Gender: Female
  - Ethnicity: African American
  - Socio-economic Status: Middle class
  - Education Level: Bachelor's degree
  - Health Literacy: Moderate
  - Job Status: Employed as a school teacher

- **Patient's Behavior:**
  - The level of patient's cooperation with medical advice: High, fully cooperative
  
- **Geographical Location:**
  - Big City vs Small City: Big City
  - Rural vs Urban: Urban
  - Pollution and Environmental Health Risks: Moderate pollution
  - Neighborhood Type: Affluent, well-served by public transit

- **Clinical Setting:**
  - Hospitals: Admitted to the ICU at a tertiary care hospital

- **Type of Encounter:**
  - Emergency Visit

- **Treatment Disparities:**
  - None

- **Native or Non-Native English Speaking Patient:**
  - Native English Speaking Patient

- **Physical exams:**
  - General appearance: Ill-looking, diaphoretic
  - Cardiovascular: Hypotension (BP: 90/60 mmHg)
  - Respiratory: Tachypneic, reduced air entry bilaterally
  - Abdominal: Mild tenderness to palpation
  - Neurological: Confused, Glasgow Coma Scale 13/15
  
- **Investigation/Test results:**
  - Blood Cultures: Awaiting results
  - Biochemistry panel: Raised creatinine, elevated bilirubin
  - Hematology panel: Leukocytosis, elevated neutrophils
  - Chest X-ray: Awaiting results"|Rejected|Rejected|Rejected|Rejected
OTHER GRAM-NEGATIVE SEPSIS|"**ROLE:** Infectious Disease Specialist

**Scenario:**

- **Medical Outcome:**
  - Diagnosis: Acute Lyme Disease (A69.20)
  - Treatment: 
    - Oral antibiotics: Doxycycline 100 mg, oral, BID, for 21 days
    - Follow-up recommendations: Follow-up in 1 month with repeat blood tests
  - Referral to specialists: Referral to a rheumatologist for joint pain assessment, Dr. James Connors
  - Blood work: Lyme disease serology, CBC, biochemistry panel
  - Imaging: NA

- **Medical History:**
  - Previous Diagnoses: Hyperlipidemia
  - Family Medical History: Father with history of coronary artery disease
  - Medication History: Atorvastatin 20 mg daily
  - Allergies: Penicillin
  - Chronic Conditions: Hyperlipidemia

- **Symptom Description:**
  - Severity: Moderate
  - Duration: 1 week
  - Associated Symptoms: Fever (101°F), fatigue, headache, erythema migrans (bull's-eye rash), joint pain
  - Frequency: Constant
  - Impact on Daily Activities: Difficulty performing work duties and household chores

- **Patient’s self-reported habits and lifestyle:**
  - Sleep: Interrupted due to joint pain, averaging 5-6 hours/night
  - Diet: High-protein diet with low sugar intake
  - Exercise: Regular jogging, impeded by current joint pain
  - Tobacco Use: None
  - Alcohol Consumption: Social drinker (1-2 drinks/week)
  - Drug Use: None
  - Recreational Activities: Gardening, hiking

- **Demographic Information:**
  - Age: 48
  - Gender: Male
  - Ethnicity: Caucasian
  - Socio-economic Status: Upper-middle class
  - Education Level: Master's degree
  - Health Literacy: High
  - Job Status: Software engineer

- **Patient's Behavior:**
  - The level of patient's cooperation with medical advice: High, very proactive
  
- **Geographical Location:**
  - Big City vs Small City: Small City
  - Rural vs Urban: Semi-rural
  - Pollution and Environmental Health Risks: Low pollution
  - Neighborhood Type: Affluent, access to outdoor activities

- **Clinical Setting:**
  - Clinical Setting: Outpatient Clinic

- **Type of Encounter:**
  - Routine Check-up

- **Treatment Disparities:**
  - None

- **Native or Non-Native English Speaking Patient:**
  - Native English Speaking Patient

- **Physical exams:**
  - General appearance: Appears fatigued
  - Cardiovascular: Normal heart sounds, no murmurs
  - Respiratory: Clear to auscultation
  - Dermatological: Erythema migrans present on the left thigh
  - Musculoskeletal: Tenderness in knee joints, reduced range of motion
  
- **Investigation/Test results:**
  - Lyme disease serology: Awaiting results
  - CBC: Awaiting results
  - Biochemistry panel: Awaiting results"|Rejected|Rejected|Rejected|Rejected
OTHER GRAM-NEGATIVE SEPSIS|"**ROLE:** General Physician

**Scenario:**

- **Medical Outcome:**
  - Diagnosis: Essential Hypertension (I10)
  - Treatment: 
    - Medication: Lisinopril 10 mg, oral, once daily, indefinite
    - Lifestyle changes: Low-sodium diet, regular exercise, smoking cessation
  - Follow-up recommendations: Blood pressure monitoring every 2 weeks, follow-up visit in 6 weeks
  - Referral to specialists: Referral to a dietitian for dietary counseling, Ms. Susan Blake
  - Blood work: Biochemistry panel, lipid profile
  - Imaging: Abdominal ultrasound to assess kidney function

- **Medical History:**
  - Previous Diagnoses: Seasonal Allergies
  - Family Medical History: Father with history of hypertension and myocardial infarction
  - Medication History: Loratadine 10 mg daily for allergies
  - Allergies: No known drug allergies
  - Chronic Conditions: Seasonal Allergies

- **Symptom Description:**
  - Severity: Mild to Moderate
  - Duration: 3 months
  - Associated Symptoms: Occasional headaches, mild dizziness
  - Frequency: Intermittent symptoms throughout the week
  - Impact on Daily Activities: Minimal, still able to perform daily work and chores

- **Patient’s self-reported habits and lifestyle:**
  - Sleep: Normal, 7-8 hours/night
  - Diet: High-sodium, high-fat diet
  - Exercise: Sedentary lifestyle, no regular exercise
  - Tobacco Use: Smokes 1 pack/day for the last 15 years
  - Alcohol Consumption: Moderate, 3-4 drinks/week
  - Drug Use: None
  - Recreational Activities: Enjoys watching TV and reading

- **Demographic Information:**
  - Age: 39
  - Gender: Male
  - Ethnicity: Hispanic
  - Socio-economic Status: Lower-middle class
  - Education Level: High school diploma
  - Health Literacy: Low
  - Job Status: Factory worker

- **Patient's Behavior:**
  - The level of patient's cooperation with medical advice: Moderate, shows willingness to improve but struggles with lifestyle changes
  
- **Geographical Location:**
  - Big City vs Small City: Small City
  - Rural vs Urban: Urban
  - Pollution and Environmental Health Risks: Moderate pollution from nearby factories
  - Neighborhood Type: Working-class, limited access to fresh food 

- **Clinical Setting:**
  - Community Health Services

- **Type of Encounter:**
  - Initial Consultation

- **Treatment Disparities:**
  - Some disparity, has limited access to fresh produce and exercise facilities.

- **Native or Non-Native English Speaking Patient:**
  - Non-Native English Speaking Patient

- **Physical exams:**
  - General appearance: Overweight (BMI: 29), appears well
  - Cardiovascular: Elevated blood pressure (150/95 mmHg), normal heart sounds
  - Respiratory: Clear to auscultation
  - Abdominal: Non-tender, no organomegaly
  - Musculoskeletal: Normal range of motion and strength
  
- **Investigation/Test results:**
  - Biochemistry panel: Awaiting results
  - Lipid profile: Awaiting results
  - Abdominal ultrasound: Awaiting results"|Rejected|Rejected|Rejected|Rejected
