Disease Description|Scenario|Note|Polished Note|Abbreviated Note|Role|dial|polished_dial
OCCLUSION AND STENOSIS OF BILATERAL CAROTID ARTERIES|"ROLE: Neurologist

**Scenario Variables:**

1. **Medical Outcome:**
   - Diagnosis: Occlusion and Stenosis of Bilateral Carotid Arteries
   - Treatment: Referred for carotid endarterectomy
   - Medication: Aspirin 81 mg, oral, once daily, indefinitely
   - Follow-up: Routine follow-up in 1 month
   - Referral: Vascular Surgeon, Dr. John Smith, for surgical consultation
   - Imaging: Doppler Ultrasound of Carotid Arteries

2. **Medical History:**
   - Previous Diagnoses: Hypertension, Hyperlipidemia
   - Family Medical History: Father had a stroke at age 65, Mother with hypertension
   - Medication History: Lisinopril 20 mg daily, Atorvastatin 40 mg daily
   - Allergies: No known drug allergies
   - Chronic Conditions: Hypertension, Hyperlipidemia

3. **Symptom Description:**
   - Severity: Severe episodic dizziness and transient ischemic attacks (TIAs)
   - Duration: 3 months
   - Associated Symptoms: Numbness and weakness in arms, especially on the left side
   - Frequency: Occurs several times a week, lasting several minutes
   - Impact on Daily Activities: Difficulty walking and performing daily tasks due to dizziness

4. **Patient’s self-reported habits and lifestyle:**
   - Sleep: Reports difficulty sleeping due to anxiety about health
   - Diet: High in saturated fats, low in fruits and vegetables
   - Exercise: Sedentary lifestyle; minimal physical activity
   - Tobacco Use: Smoked 1 pack of cigarettes per day for 20 years, quit 5 years ago
   - Alcohol Consumption: Drinks 2-3 glasses of wine weekly

5. **Demographic Information:**
   - Age: 67
   - Gender: Male
   - Ethnicity: Caucasian
   - Socio-economic Status: Middle class
   - Education Level: College graduate
   - Health Literacy: Moderate
   - Job Status: Retired accountant

6. **Patient's Behavior:**
   - Generally cooperative but occasionally non-compliant with dietary recommendations

7. **Geographical Location:**
   - Urban area
   - Pollution and Environmental Health Risks: Moderate air pollution
   - Neighborhood Type: Affluent
   - Well-served by Transit: Yes
   - Food Desert: No

8. **Clinical Setting:**
   - Private Practice

9. **Type of Encounter:**
   - Initial Consultation

10. **Treatment Disparities:**
   - Patient expresses concerns about the cost of surgery, despite having adequate insurance coverage

11. **Native or Non-Native English Speaking Patient:**
   - Native English Speaking

12. **Physical exams:**
   - Cardiovascular: Bruit heard over carotid arteries bilaterally
   - Neurologic: Weakness in left arm, decreased sensation

13. **Investigation/Test results:**
   - Awaiting: Doppler Ultrasound of Carotid Arteries

"|"#### NEUROLOGY CONSULTATION NOTE

**1. Subjective:**

**CHIEF COMPLAINT:**
Severe episodic dizziness and transient ischemic attacks (TIAs).

**HISTORY OF PRESENT ILLNESS:**
The patient is a 67-year-old Caucasian male who presents for an initial consultation due to severe episodic dizziness and transient ischemic attacks (TIAs) over the past 3 months. The patient reports experiencing several episodes per week, each lasting several minutes. These episodes are associated with numbness and weakness in his arms, with the left side being more affected. He finds it increasingly difficult to walk and perform daily tasks due to the dizziness. The patient also reports anxiety about his health, which affects his sleep. He leads a sedentary lifestyle and admits to a diet high in saturated fats with minimal intake of fruits and vegetables. He quit smoking 5 years ago after smoking one pack a day for 20 years and currently consumes 2-3 glasses of wine weekly.

**MEDICAL HISTORY:**
- Hypertension
- Hyperlipidemia

**MEDICATION HISTORY:**
- Lisinopril 20 mg daily
- Atorvastatin 40 mg daily
- No known drug allergies

**FAMILY MEDICAL HISTORY:**
- Father had a stroke at age 65
- Mother has hypertension

**REVIEW OF SYSTEMS:**
- **Constitutional:** Reports difficulty sleeping due to health-related anxiety.
- **Cardiovascular:** Bruits heard over carotid arteries bilaterally.
- **Neurological:** Reports severe episodic dizziness, transient ischemic attacks, numbness, and weakness in the left arm.

**2. Objective:**

**VITAL SIGNS:**
- Blood Pressure: 150/90 mmHg
- Heart Rate: 72 bpm

**PHYSICAL EXAM:**
- **GENERAL:** Appears well-groomed but anxious; cooperative.
- **CV:** Bruit heard over carotid arteries bilaterally.
- **NEUROLOGIC:** Weakness in the left arm, decreased sensation.

**LABS/IMAGING:**
- Awaiting: Doppler Ultrasound of Carotid Arteries

**3. Assessment:**

1. **Occlusion and Stenosis of Bilateral Carotid Arteries:**
   - This diagnosis is supported by the presence of carotid bruits bilaterally and the patient's symptoms of episodic dizziness and TIAs.
2. **Hypertension:**
   - Chronic condition, currently managed with Lisinopril.
3. **Hyperlipidemia:**
   - Chronic condition, currently managed with Atorvastatin.

**4. Plan:**

1. **Medication:**
   - Start Aspirin 81 mg, oral, once daily, indefinitely to reduce the risk of further ischemic events.

2. **Referral:**
   - Referred to Vascular Surgeon, Dr. John Smith, for surgical consultation regarding the possibility of carotid endarterectomy.

3. **Imaging:**
   - Order Doppler Ultrasound of Carotid Arteries to assess the degree of stenosis and plan for potential surgical intervention.

4. **Follow-up:**
   - Schedule routine follow-up in 1 month to review test results and evaluate the patient's response to treatment.

5. **Lifestyle Modification:**
   - Discuss the importance of dietary changes to include more fruits and vegetables and reduce saturated fat intake.
   - Encourage physical activity; consider referral to a dietitian and a physical therapist for structured guidance.

6. **Patient Education and Support:**
   - Provide reassurance regarding the adequacy of his insurance coverage for the proposed surgical intervention.
   - Address patient’s anxiety and stress management strategies; consider referral to a mental health professional if needed.

7. **Monitoring:**
   - Monitor blood pressure and lipid levels more frequently due to the high-risk cardiovascular profile.

---

Patient was given detailed instructions on the next steps, including the importance of adherence to medication and lifestyle recommendations. Written and verbal information about the referred vascular surgeon was provided. Patient acknowledged understanding and was agreeable to the plan."|"#### NEUROLOGY CONSULTATION NOTE

**1. Subjective:**

**CHIEF COMPLAINT:**
Severe episodic dizziness and transient ischemic attacks (TIAs).

**HISTORY OF PRESENT ILLNESS:**
The patient is a 67-year-old Caucasian male named John Doe who presents for an initial consultation due to severe episodic dizziness and transient ischemic attacks (TIAs) over the past 3 months. The patient reports experiencing several episodes per week, each lasting several minutes. These episodes are associated with numbness and weakness in his arms, with the left side being more affected. He finds it increasingly difficult to walk and perform daily tasks due to the dizziness. The patient also reports anxiety about his health, which affects his sleep. He leads a sedentary lifestyle and admits to a diet high in saturated fats with minimal intake of fruits and vegetables. He quit smoking 5 years ago after smoking one pack a day for 20 years and currently consumes 2-3 glasses of wine weekly.

**MEDICAL HISTORY:**
- Hypertension
- Hyperlipidemia

**MEDICATION HISTORY:**
- Lisinopril 20 mg daily
- Atorvastatin 40 mg daily
- No known drug allergies

**FAMILY MEDICAL HISTORY:**
- Father had a stroke at age 65
- Mother has hypertension

**REVIEW OF SYSTEMS:**
- **Constitutional:** Reports difficulty sleeping due to health-related anxiety.
- **Cardiovascular:** Bruits heard over carotid arteries bilaterally.
- **Neurological:** Reports severe episodic dizziness, transient ischemic attacks, numbness, and weakness in the left arm.

**2. Objective:**

**VITAL SIGNS:**
- Blood Pressure: 150/90 mmHg
- Heart Rate: 72 bpm

**PHYSICAL EXAM:**
- **GENERAL:** Appears well-groomed but anxious; cooperative.
- **CV:** Bruit heard over carotid arteries bilaterally.
- **NEUROLOGIC:** Weakness in the left arm, decreased sensation.

**3. Assessment:**

1. **Occlusion and Stenosis of Bilateral Carotid Arteries:**
   - This diagnosis is supported by the presence of carotid bruits bilaterally and the patient's symptoms of episodic dizziness and TIAs.
2. **Hypertension:**
   - Chronic condition, currently managed with Lisinopril.
3. **Hyperlipidemia:**
   - Chronic condition, currently managed with Atorvastatin.

**4. Plan:**

1. **Medication:**
   - Start Aspirin 81 mg, oral, once daily, indefinitely to reduce the risk of further ischemic events.

2. **Referral:**
   - Referred to Vascular Surgeon, Dr. John Smith, for surgical consultation regarding the possibility of carotid endarterectomy.

3. **Imaging:**
   - Order Doppler Ultrasound of Carotid Arteries to assess the degree of stenosis and plan for potential surgical intervention.

4. **Follow-up:**
   - Schedule routine follow-up in 1 month to review test results and evaluate the patient's response to treatment.

5. **Lifestyle Modification:**
   - Discuss the importance of dietary changes to include more fruits and vegetables and reduce saturated fat intake.
   - Encourage physical activity; consider referral to a dietitian and a physical therapist for structured guidance.

6. **Patient Education and Support:**
   - Provide reassurance regarding the adequacy of his insurance coverage for the proposed surgical intervention.
   - Address patient’s anxiety and stress management strategies; consider referral to a mental health professional if needed.

7. **Monitoring:**
   - Monitor blood pressure and lipid levels more frequently due to the high-risk cardiovascular profile.

---

Patient was given detailed instructions on the next steps, including the importance of adherence to medication and lifestyle recommendations. Written and verbal information about the referred vascular surgeon was provided. Patient acknowledged understanding and was agreeable to the plan."|"#### NEUROLOGY CONSULTATION NOTE

**1. Subjective:**

**CC:**
Severe episodic dizziness and TIAs.

**HPI:**
67 y/o Caucasian M, John Doe, presents for initial consult due to severe episodic dizziness and TIAs over the past 3 mos. Pt reports several episodes/wk, each lasting several mins. These episodes are assoc. with numbness and weakness in his arms, L side more affected. Pt finds it increasingly difficult to ambulate and perform ADLs due to dizziness. Reports anxiety about his health, affecting sleep. Leads a sedentary lifestyle and admits to a diet high in sat fats with minimal intake of fruits/veggies. Quit smoking 5 yrs ago after 20 pack-yrs, currently consumes 2-3 glasses of wine/wk.

**PMH:**
- HTN
- HLD

**MEDS:**
- Lisinopril 20 mg QD
- Atorvastatin 40 mg QD
- NKDA

**FMH:**
- Father had CVA at age 65
- Mother has HTN

**ROS:**
- **Constitutional:** Reports difficulty sleeping due to health-related anxiety.
- **CV:** Bruits heard over carotid arteries bilaterally.
- **Neuro:** Reports severe episodic dizziness, TIAs, numbness, and weakness in L arm.

**2. Objective:**

**VITALS:**
- BP: 150/90 mmHg
- HR: 72 bpm

**PE:**
- **GENERAL:** Appears well-groomed but anxious; cooperative.
- **CV:** Bruit heard over carotid arteries bilaterally.
- **NEURO:** Weakness in L arm, decreased sensation.

**3. Assessment:**

1. **Occlusion and Stenosis of Bilateral Carotid Arteries:**
   - Dx supported by presence of carotid bruits bilaterally and pt's sx of episodic dizziness and TIAs.
2. **HTN:**
   - Chronic condition, currently managed with Lisinopril.
3. **HLD:**
   - Chronic condition, currently managed with Atorvastatin.

**4. Plan:**

1. **Meds:**
   - Start ASA 81 mg PO QD indefinitely to reduce risk of further ischemic events.

2. **Referral:**
   - Referred to Vasc Surg, Dr. John Smith, for surg consult regarding possible CEA.

3. **Imaging:**
   - Order Doppler US of Carotid Arteries to assess degree of stenosis and plan for potential surg intervention.

4. **F/U:**
   - Schedule routine f/u in 1 mo to review test results and evaluate pt's response to tx.

5. **Lifestyle Mod:**
   - Discuss importance of dietary changes to include more fruits/veggies and reduce sat fat intake.
   - Encourage physical activity; consider referral to RD and PT for structured guidance.

6. **Pt Ed and Support:**
   - Provide reassurance regarding insurance coverage for proposed surg intervention.
   - Address pt’s anxiety and stress mgmt strategies; consider referral to MH professional if needed.

7. **Monitoring:**
   - Monitor BP and lipid levels more frequently due to high-risk CV profile.

---

Pt was given detailed instructions on next steps, including importance of adherence to meds and lifestyle recommendations. Written and verbal info about referred vasc surg was provided. Pt acknowledged understanding and was agreeable to plan."|Neurologist|"[doctor] Good afternoon, how are you doing today?

[patient] Hi, I'm not doing too well, actually. I've been having these severe dizzy spells and my doctor said I should come see you.

[doctor] I'm sorry to hear that. Can you tell me more about these dizzy spells?

[patient] Sure. They've been happening for about the past three months. I get several of these episodes each week, and they last for a few minutes each time.

[doctor] Hmm, I see. Are there any other symptoms that come along with these dizzy spells?

[patient] Yes, I also feel numbness and weakness in my arms, especially on the left side.

[doctor] That sounds concerning. Do these episodes make it difficult for you to walk or perform your daily activities?

[patient] Yes, it’s becoming harder to do regular tasks because of the dizziness. I'm worried something serious might be going on.

[doctor] I can understand why you'd be concerned. Do you also experience any anxiety or trouble sleeping because of your health?

[patient] Yes, I do. I'm pretty anxious about this, and it definitely affects my sleep.

[doctor] Okay, let's go over your medical history. Do you have any chronic conditions?

[patient] Yes, I have hypertension and hyperlipidemia.

[doctor] Alright, and what medications are you currently taking for these conditions?

[patient] I'm taking Lisinopril 20 mg daily for my hypertension and Atorvastatin 40 mg daily for my cholesterol.

[doctor] Any allergies to medications?

[patient] No, I don't have any known drug allergies.

[doctor] Thank you. Now, can you tell me a bit about your lifestyle? Do you exercise regularly or follow a specific diet?

[patient] I lead a pretty sedentary lifestyle, and my diet isn't great. I eat a lot of foods high in saturated fats and not many fruits or vegetables.

[doctor] And do you have any history of smoking or alcohol use?

[patient] I quit smoking five years ago after smoking a pack a day for 20 years. Now, I have 2-3 glasses of wine each week.

[doctor] That's good that you quit smoking. It's definitely a step in the right direction. How about your family's medical history? Any significant conditions?

[patient] My father had a stroke when he was 65, and my mother has hypertension.

[doctor] Thank you for sharing that. Let's move on to your symptoms. When you experience these dizzy spells, do you hear any unusual sounds in your ears like ringing or buzzing?

[patient] No, I don’t hear any unusual sounds.

[doctor] And have you noticed any changes in your vision during these episodes?

[patient] No, my vision stays the same.

[doctor] Alright. When was the last time you had a physical exam?

[patient] It was about a month ago when my primary care physician referred me to you.

[doctor] Okay, I see. Let’s go over some of your vitals and the results from that visit. Your blood pressure was 150/90 mmHg and your heart rate was 72 bpm. Does that sound accurate?

[patient] Yes, that sounds right.

[doctor] During the exam, your doctor noted bruits over your carotid arteries bilaterally. Have you experienced any chest pain or shortness of breath?

[patient] No chest pain or shortness of breath.

[doctor] And besides the dizziness and numbness in your arms, have you noticed any muscle weakness or difficulty in controlling your movements?

[patient] Just the weakness in my left arm.

[doctor] Understood. Let’s perform a physical exam to get a better understanding. Please follow my finger with your eyes.

[patient] Okay.

[doctor] Good. Now, can you squeeze my hands as hard as you can?

[patient] (squeezes hands)

[doctor] Thank you. There is some weakness in your left arm and decreased sensation. I’m also hearing bruits over your carotid arteries, which aligns with your previous exam results. We need to investigate this further. I’m going to order a Doppler Ultrasound of your carotid arteries to assess the degree of stenosis and plan for potential surgical intervention.

[patient] Okay, what does that involve?

[doctor] The Doppler Ultrasound is a non-invasive test that uses sound waves to create images of the blood flow in your carotid arteries. It will help us determine if there's any blockage or narrowing causing your symptoms.

[patient] Alright, that makes sense.

[doctor] In the meantime, I’d like to start you on Aspirin 81 mg daily to reduce the risk of further ischemic events. 

[patient] Okay.

[doctor] I’m also referring you to Dr. John Smith, a vascular surgeon, for a consultation regarding the possibility of a carotid endarterectomy, which is a surgical procedure to remove plaque from your carotid arteries.

[patient] Is that a common procedure?

[doctor] Yes, it’s relatively common and can significantly reduce the risk of stroke in patients with severe carotid artery stenosis. Dr. Smith will be able to provide more details during your consultation.

[patient] Alright, I understand.

[doctor] It's also important to make some lifestyle changes. Increasing your intake of fruits and vegetables and reducing saturated fats in your diet can help manage your conditions. Would you be open to meeting with a dietitian?

[patient] Yes, I think that would be helpful.

[doctor] Great. I’ll refer you to a dietitian who can guide you on a healthier diet. Additionally, incorporating physical activity into your routine can be beneficial. I can refer you to a physical therapist to help you get started.

[patient] That sounds good. I could use some help with that.

[doctor] Excellent. One more thing, your anxiety seems to be affecting your sleep. We can explore stress management strategies, and if needed, I can refer you to a mental health professional.

[patient] That would be helpful. I’ve been really stressed about all this.

[doctor] I understand. We’ll address that as well. Lastly, we need to monitor your blood pressure and lipid levels more frequently due to your high-risk cardiovascular profile.

[patient] Okay, how often should I come in?

[doctor] Let’s schedule routine follow-ups every month to start. We’ll review your test results and evaluate your response to the treatment.

[patient] Sounds good.

[doctor] I’ll provide you with detailed instructions on the next steps. It’s crucial to adhere to the medication and lifestyle recommendations. Do you have any questions for me?

[patient] No, I think you covered everything. Thank you.

[doctor] You're welcome. We’re here to help you through this. I’ll have my nurse provide you with the written and verbal information about the referred vascular surgeon. We’ll see you back here in a month.

[patient] Thank you, Doctor.

[doctor] Take care, and don’t hesitate to reach out if you have any concerns before your next visit.

[patient] I will. Thanks again.

[doctor] You're welcome. Have a good day."|"[doctor] Good afternoon, how are you doing today?

[patient] Hi, I'm not doing too well, actually. I've been having these severe dizzy spells and my doctor said I should come see you.

[doctor] I'm sorry to hear that. Can you tell me more about these dizzy spells?

[patient] Sure. They've been happening for about the past three months. I get several of these episodes each week, and they last for a few minutes each time.

[doctor] Hmm, I see. Are there any other symptoms that come along with these dizzy spells?

[patient] Yes, I also feel numbness and weakness in my arms, especially on the left side.

[doctor] That sounds concerning. Do these episodes make it difficult for you to walk or perform your daily activities?

[patient] Yes, it’s becoming harder to do regular tasks because of the dizziness. I'm worried something serious might be going on.

[doctor] I can understand why you'd be concerned. Do you also experience any anxiety or trouble sleeping because of your health?

[patient] Yes, I do. I'm pretty anxious about this, and it definitely affects my sleep.

[doctor] Okay, let's go over your medical history. Do you have any chronic conditions?

[patient] Yes, I have hypertension and high cholesterol.

[doctor] Alright, and what medications are you currently taking for these conditions?

[patient] I'm taking Lisinopril for my blood pressure and Atorvastatin for my cholesterol.

[doctor] Any allergies to medications?

[patient] No, I don't have any known drug allergies.

[doctor] Thank you. Now, can you tell me a bit about your lifestyle? Do you exercise regularly or follow a specific diet?

[patient] Not really. I lead a pretty sedentary lifestyle, and my diet isn't great. I eat a lot of foods high in saturated fats and not many fruits or vegetables.

[doctor] And do you have any history of smoking or alcohol use?

[patient] I quit smoking five years ago after smoking a pack a day for 20 years. Now, I have 2-3 glasses of wine each week.

[doctor] That's good that you quit smoking. It's definitely a step in the right direction. How about your family's medical history? Any significant conditions?

[patient] My father had a stroke when he was 65, and my mother has high blood pressure.

[doctor] Thank you for sharing that. Let’s move on to your symptoms. When you experience these dizzy spells, do you hear any unusual sounds in your ears like ringing or buzzing?

[patient] No, I don’t hear any unusual sounds.

[doctor] And have you noticed any changes in your vision during these episodes?

[patient] No, my vision stays the same.

[doctor] Alright. When was the last time you had a physical exam?

[patient] It was about a month ago when my primary care physician referred me to you.

[doctor] Okay, I see. Let’s go over some of your vitals and the results from that visit. Your blood pressure was 150 over 90 and your heart rate was 72. Does that sound accurate?

[patient] Yes, that sounds right.

[doctor] During the exam, your doctor noted bruits over your carotid arteries bilaterally. Have you experienced any chest pain or shortness of breath?

[patient] No chest pain or shortness of breath.

[doctor] And besides the dizziness and numbness in your arms, have you noticed any muscle weakness or difficulty in controlling your movements?

[patient] Just the weakness in my left arm.

[doctor] Understood. Let’s perform a physical exam to get a better understanding. Please follow my finger with your eyes.

[patient] Okay.

[doctor] Good. Now, can you squeeze my hands as hard as you can?

[patient] (squeezes hands)

[doctor] Thank you. There is some weakness in your left arm and decreased sensation. I’m also hearing bruits over your carotid arteries, which aligns with your previous exam results. We need to investigate this further. I’m going to order a Doppler Ultrasound of your carotid arteries to assess the degree of stenosis and plan for potential surgical intervention.

[patient] Okay, what does that involve?

[doctor] The Doppler Ultrasound is a non-invasive test that uses sound waves to create images of the blood flow in your carotid arteries. It will help us determine if there's any blockage or narrowing causing your symptoms.

[patient] Alright, that makes sense.

[doctor] In the meantime, I’d like to start you on Aspirin 81 mg daily to reduce the risk of further ischemic events. 

[patient] Okay.

[doctor] I’m also referring you to Dr. John Smith, a vascular surgeon, for a consultation regarding the possibility of a carotid endarterectomy, which is a surgical procedure to remove plaque from your carotid arteries.

[patient] Is that a common procedure?

[doctor] Yes, it’s relatively common and can significantly reduce the risk of stroke in patients with severe carotid artery stenosis. Dr. Smith will be able to provide more details during your consultation.

[patient] Alright, I understand.

[doctor] It's also important to make some lifestyle changes. Increasing your intake of fruits and vegetables and reducing saturated fats in your diet can help manage your conditions. Would you be open to meeting with a dietitian?

[patient] Yes, I think that would be helpful.

[doctor] Great. I’ll refer you to a dietitian who can guide you on a healthier diet. Additionally, incorporating physical activity into your routine can be beneficial. I can refer you to a physical therapist to help you get started.

[patient] That sounds good. I could use some help with that.

[doctor] Excellent. One more thing, your anxiety seems to be affecting your sleep. We can explore stress management strategies, and if needed, I can refer you to a mental health professional.

[patient] That would be helpful. I’ve been really stressed about all this.

[doctor] I understand. We’ll address that as well. Lastly, we need to monitor your blood pressure and lipid levels more frequently due to your high-risk cardiovascular profile.

[patient] Okay, how often should I come in?

[doctor] Let’s schedule routine follow-ups every month to start. We’ll review your test results and evaluate your response to the treatment.

[patient] Sounds good.

[doctor] I’ll provide you with detailed instructions on the next steps. It’s crucial to adhere to the medication and lifestyle recommendations. Do you have any questions for me?

[patient] No, I think you covered everything. Thank you.

[doctor] You're welcome. We’re here to help you through this. I’ll have my nurse provide you with the written and verbal information about the referred vascular surgeon. We’ll see you back here in a month.

[patient] Thank you, Doctor.

[doctor] Take care, and don’t hesitate to reach out if you have any concerns before your next visit.

[patient] I will. Thanks again.

[doctor] You're welcome. Have a good day."
OCCLUSION AND STENOSIS OF BILATERAL CAROTID ARTERIES|"ROLE: Neurologist

Patient’s Demographic Information:
- Age: 45
- Gender: Female
- Ethnicity: Asian
- Socio-economic Status: Low-income
- Education Level: High school graduate
- Health Literacy: Low
- Job Status: Factory worker

Patient's Medical History:
- Previous Diagnoses: Hypothyroidism, Migraine
- Family Medical History: Mother had hypertension, father had a stroke at age 60
- Medication History: Currently taking Levothyroxine, Sumatriptan for migraines
- Allergies: None
- Chronic Conditions: Hypothyroidism

Clinical Setting:
- Type of Encounter: Emergency Visit
- Clinical Setting: Community Health Services

Patient’s self-reported habits and lifestyle:
- Sleep: Reports difficulty sleeping due to headaches
- Diet: Mainly fast food due to financial constraints and long working hours
- Exercise: Rarely exercises, no time due to work
- Tobacco Use: Smokes 1 pack per day, smoking for 20 years
- Alcohol Consumption: Drinks occasionally, 1-2 drinks per month
- Drug Use: No recreational drug use 
- Recreational Activities: Enjoys cooking and spending time with family

Symptom Description:
- Severity: Severe, episodes of transient ischemic attacks (TIAs)
- Duration: Past 1 month
- Associated Symptoms: Severe headaches, numbness on the right side of the face, temporary loss of vision in the left eye
- Frequency: TIAs have occurred three times in the last two weeks
- Impact on Daily Activities: Frequently misses work due to symptoms

Patient's Behavior: Anxious and worried about symptoms, willing to follow medical advice

Geographical Location:
- Rural area
- Neighborhood Type: Impoverished community with limited access to healthcare facilities

Treatment Disparities: Access to healthcare limited by financial constraints, potential under-treatment due to insurance limitations

Native or Non-Native English Speaking Patient: Non-Native English Speaker (primarily speaks Mandarin)

Physical exams:
- Neurological exam: Right-sided facial droop, decreased sensation on right arm, mild coordination difficulties
- Cardiovascular exam: Irregular heartbeat, no carotid bruit noted

Medical Outcome:
- Diagnosis: Occlusion and stenosis of bilateral carotid arteries
- Prescribed Treatment: Referral to a neurologist for possible carotid endarterectomy or stenting 
- Blood Work: Complete blood count (CBC), Basic Metabolic Panel (BMP), Thyroid panel to assess thyroid function
- Imaging Orders: Carotid Doppler ultrasound, Computed Tomography Angiography (CTA) of the head and neck
- Medication Adjustment: Start Aspirin 81 mg daily, discontinue Sumatriptan and start Verapamil 40 mg twice daily for both migraine prevention and blood pressure control
- Follow-up Recommendations: Immediate consultation with neurologist, follow-up in 1 week in the community health clinic for management of hypothyroidism and overall health assessment"|"**1. Subjective:**

**Chief Complaint (CC):** Severe episodes of transient ischemic attacks (TIAs) over the past month with severe headaches, numbness on the right side of the face, and temporary loss of vision in the left eye.

**History of Present Illness (HPI):**
- **Severity:** Severe
- **Duration:** Past 1 month
- **Frequency:** TIAs have occurred three times in the last two weeks
- **Associated Symptoms:** Severe headaches, right-sided facial numbness, temporary loss of vision in the left eye
- **Impact on Daily Activities:** Frequently misses work due to symptoms
- **Patient’s Behavior:** Anxious and worried about symptoms, willing to follow medical advice

**Review of Systems (ROS):**
- **Constitutional:** Reports difficulty sleeping due to headaches
- **Neurological:** Right-sided facial droop, decreased sensation on the right arm, mild coordination difficulties
- **Cardiovascular:** Irregular heartbeat, no carotid bruit noted
- **Gastrointestinal:** Mainly fast food diet, no significant gastrointestinal complaints
- **Respiratory:** No dyspnea or cough
- **Genitourinary:** No urinary incontinence or dysuria
- **Musculoskeletal:** No significant musculoskeletal pain or swelling

**2. Objective:**

**Vital Signs:**
- **Blood Pressure:** 138/92 mmHg
- **Heart Rate:** 88 bpm, irregular
- **Temperature:** 98.6°F
- **Respiratory Rate:** 16 breaths per minute
- **Oxygen Saturation:** 98% on room air

**Physical Exam:**
- **General Appearance:** Anxious, alert, and oriented
- **Neurological:**
  - Right-sided facial droop
  - Decreased sensation on right arm
  - Mild coordination difficulties 
- **Cardiovascular:**
  - Irregular heartbeat
  - No carotid bruit noted
- **Head, Eyes, Ears, Nose, Throat (HEENT):**
  - No evidence of papilledema
  - Normal tympanic membranes
- **Respiratory:** Clear to auscultation bilaterally
- **Gastrointestinal:** Soft, non-tender, no organomegaly
- **Musculoskeletal:** Normal range of motion, no deformities or tenderness
- **Skin:** No rashes or lesions

**Results Pending:**
- **Blood Work:** Complete blood count (CBC), Basic Metabolic Panel (BMP), Thyroid panel to assess thyroid function
- **Imaging:** Carotid Doppler ultrasound, Computed Tomography Angiography (CTA) of the head and neck

**3. Assessment:**

**Primary Diagnosis:**
- **Occlusion and Stenosis of Bilateral Carotid Arteries**
  - Medical Reasoning: Symptoms and physical examination findings are consistent with transient ischemic attacks likely due to significant carotid artery disease.

**Secondary Diagnoses:**
1. **Migraine**
   - Medical Reasoning: History of migraine, but symptoms suggest a shift in pattern possibly related to vascular issues.
2. **Hypothyroidism**
   - Medical Reasoning: Known history, continue monitoring thyroid function.
3. **Nicotine Dependence**
   - Medical Reasoning: Chronic tobacco use likely contributing to vascular disease.

**4. Plan:**

**Medical Treatment:**
- **Start:** Aspirin 81 mg daily
- **Discontinue:** Sumatriptan
- **Start:** Verapamil 40 mg twice daily for migraine prevention and blood pressure control

**Referrals:**
- Immediate referral to a neurologist for possible carotid endarterectomy or stenting

**Laboratory and Imaging Orders:**
- Complete blood count (CBC)
- Basic Metabolic Panel (BMP)
- Thyroid panel
- Carotid Doppler ultrasound
- Computed Tomography Angiography (CTA) of the head and neck

**Patient Education and Counseling:**
- Explained the need for lifestyle changes, including smoking cessation due to its impact on vascular health.
- Discussed dietary modifications to include more balanced nutrition and less fast food.
- Encouraged finding ways to integrate mild physical activity into daily routine despite busy work schedule.

**Follow-Up:**
- Immediate consultation with a neurologist
- Follow-up in 1 week at the community health clinic for management of hypothyroidism and overall health assessment

**Patient Agreements:**
- The patient understands and agrees with the recommended medical treatment plan."|"**1. Subjective:**

**Chief Complaint (CC):** Severe episodes of transient ischemic attacks (TIAs) over the past month with severe headaches, numbness on the right side of the face, and temporary loss of vision in the left eye.

**History of Present Illness (HPI):**
- **Severity:** Severe
- **Duration:** Past 1 month
- **Frequency:** TIAs have occurred three times in the last two weeks
- **Associated Symptoms:** Severe headaches, right-sided facial numbness, temporary loss of vision in the left eye
- **Impact on Daily Activities:** Frequently misses work due to symptoms
- **Patient’s Behavior:** Anxious and worried about symptoms, willing to follow medical advice

**Review of Systems (ROS):**
- **Constitutional:** Reports difficulty sleeping due to headaches
- **Neurological:** Right-sided facial droop, decreased sensation on the right arm, mild coordination difficulties
- **Cardiovascular:** Irregular heartbeat, no carotid bruit noted
- **Gastrointestinal:** Mainly fast food diet, no significant gastrointestinal complaints
- **Respiratory:** No dyspnea or cough
- **Genitourinary:** No urinary incontinence or dysuria
- **Musculoskeletal:** No significant musculoskeletal pain or swelling

**2. Objective:**

**Vital Signs:**
- **Blood Pressure:** 138/92 mmHg
- **Heart Rate:** 88 bpm, irregular
- **Temperature:** 98.6°F
- **Respiratory Rate:** 16 breaths per minute
- **Oxygen Saturation:** 98% on room air

**Physical Exam:**
- **General Appearance:** Anxious, alert, and oriented
- **Neurological:**
  - Right-sided facial droop
  - Decreased sensation on right arm
  - Mild coordination difficulties 
- **Cardiovascular:**
  - Irregular heartbeat
  - No carotid bruit noted
- **Head, Eyes, Ears, Nose, Throat (HEENT):**
  - No evidence of papilledema
  - Normal tympanic membranes
- **Respiratory:** Clear to auscultation bilaterally
- **Gastrointestinal:** Soft, non-tender, no organomegaly
- **Musculoskeletal:** Normal range of motion, no deformities or tenderness
- **Skin:** No rashes or lesions

**3. Assessment:**

**Primary Diagnosis:**
- **Occlusion and Stenosis of Bilateral Carotid Arteries**
  - Medical Reasoning: Symptoms and physical examination findings are consistent with transient ischemic attacks likely due to significant carotid artery disease.

**Secondary Diagnoses:**
1. **Migraine**
   - Medical Reasoning: History of migraine, but symptoms suggest a shift in pattern possibly related to vascular issues.
2. **Hypothyroidism**
   - Medical Reasoning: Known history, continue monitoring thyroid function.
3. **Nicotine Dependence**
   - Medical Reasoning: Chronic tobacco use likely contributing to vascular disease.

**4. Plan:**

**Medical Treatment:**
- **Start:** Aspirin 81 mg daily
- **Discontinue:** Sumatriptan
- **Start:** Verapamil 40 mg twice daily for migraine prevention and blood pressure control

**Referrals:**
- Immediate referral to a neurologist, Dr. Emily Carter, for possible carotid endarterectomy or stenting

**Laboratory and Imaging Orders:**
- Complete blood count (CBC)
- Basic Metabolic Panel (BMP)
- Thyroid panel
- Carotid Doppler ultrasound
- Computed Tomography Angiography (CTA) of the head and neck

**Patient Education and Counseling:**
- Explained the need for lifestyle changes, including smoking cessation due to its impact on vascular health.
- Discussed dietary modifications to include more balanced nutrition and less fast food.
- Encouraged finding ways to integrate mild physical activity into daily routine despite busy work schedule.

**Follow-Up:**
- Immediate consultation with a neurologist
- Follow-up in 1 week at the community health clinic for management of hypothyroidism and overall health assessment

**Patient Agreements:**
- The patient, John Doe, understands and agrees with the recommended medical treatment plan."|"**1. Subjective:**

**CC:** Severe episodes of TIAs over the past month with severe HAs, numbness on the R side of the face, and temporary loss of vision in the L eye.

**HPI:**
- **Severity:** Severe
- **Duration:** Past 1 month
- **Frequency:** TIAs have occurred 3x in the last 2 weeks
- **Associated Symptoms:** Severe HAs, R-sided facial numbness, temporary loss of vision in the L eye
- **Impact on Daily Activities:** Frequently misses work due to symptoms
- **Patient’s Behavior:** Anxious and worried about symptoms, willing to follow medical advice

**ROS:**
- **Constitutional:** Reports difficulty sleeping due to HAs
- **Neuro:** R-sided facial droop, decreased sensation on the R arm, mild coordination difficulties
- **CV:** Irregular heartbeat, no carotid bruit noted
- **GI:** Mainly fast food diet, no significant GI complaints
- **Resp:** No dyspnea or cough
- **GU:** No urinary incontinence or dysuria
- **MSK:** No significant MSK pain or swelling

**2. Objective:**

**VS:**
- **BP:** 138/92 mmHg
- **HR:** 88 bpm, irregular
- **Temp:** 98.6°F
- **RR:** 16 breaths per minute
- **O2 Sat:** 98% on RA

**PE:**
- **General Appearance:** Anxious, alert, and oriented
- **Neuro:**
  - R-sided facial droop
  - Decreased sensation on R arm
  - Mild coordination difficulties 
- **CV:**
  - Irregular heartbeat
  - No carotid bruit noted
- **HEENT:**
  - No evidence of papilledema
  - Normal TMs
- **Resp:** Clear to auscultation bilaterally
- **GI:** Soft, non-tender, no organomegaly
- **MSK:** Normal ROM, no deformities or tenderness
- **Skin:** No rashes or lesions

**3. Assessment:**

**Primary Dx:**
- **Occlusion and Stenosis of Bilateral Carotid Arteries**
  - Medical Reasoning: Symptoms and PE findings are consistent with TIAs likely due to significant carotid artery disease.

**Secondary Dx:**
1. **Migraine**
   - Medical Reasoning: Hx of migraine, but symptoms suggest a shift in pattern possibly related to vascular issues.
2. **Hypothyroidism**
   - Medical Reasoning: Known Hx, continue monitoring thyroid function.
3. **Nicotine Dependence**
   - Medical Reasoning: Chronic tobacco use likely contributing to vascular disease.

**4. Plan:**

**Medical Tx:**
- **Start:** ASA 81 mg daily
- **D/C:** Sumatriptan
- **Start:** Verapamil 40 mg BID for migraine prevention and BP control

**Referrals:**
- Immediate referral to neuro, Dr. Emily Carter, for possible carotid endarterectomy or stenting

**Lab and Imaging Orders:**
- CBC
- BMP
- Thyroid panel
- Carotid Doppler US
- CTA of the head and neck

**Patient Education and Counseling:**
- Explained the need for lifestyle changes, including smoking cessation due to its impact on vascular health.
- Discussed dietary modifications to include more balanced nutrition and less fast food.
- Encouraged finding ways to integrate mild physical activity into daily routine despite busy work schedule.

**Follow-Up:**
- Immediate consult with neuro
- F/U in 1 week at the community health clinic for mgmt of hypothyroidism and overall health assessment

**Patient Agreements:**
- The patient, John Doe, understands and agrees with the recommended medical Tx plan."|Neurologist|"[doctor] Hi, how are you doing today?

[patient] Hi, I'm okay, but I've been having some severe episodes lately. It's pretty worrying.

[doctor] I'm sorry to hear that. Can you tell me more about these episodes?

[patient] Sure. Over the past month, I've had several severe episodes. They seem like transient ischemic attacks, and I've had severe headaches, numbness on the right side of my face, and even temporary loss of vision in my left eye.

[doctor] That sounds very concerning. How severe have these episodes been?

[patient] They're very severe. The headaches are terrible, and the numbness and vision loss are really scary.

[doctor] When did these episodes start?

[patient] About a month ago.

[doctor] How frequently have these episodes been occurring?

[patient] They've happened three times in the last two weeks.

[doctor] That's quite frequent. How have these symptoms affected your daily activities?

[patient] I've missed a lot of work because of them. It's really hard to function normally.

[doctor] I can understand why that would be troubling. How are you feeling about all this?

[patient] I'm really anxious and worried. I just want to get better and I'll do whatever it takes to follow your advice.

[doctor] I'm glad you're committed to following medical advice. Let's go through a review of your systems to make sure we cover everything. Have you had any difficulty sleeping?

[patient] Yes, the headaches make it hard to sleep.

[doctor] Any other neurological symptoms like facial droop or decreased sensation?

[patient] Yes, I have a right-sided facial droop and decreased sensation on my right arm. Sometimes I also have mild coordination difficulties.

[doctor] Okay. How about cardiovascular symptoms? Any irregular heartbeat?

[patient] Yes, I've noticed my heartbeat feels irregular sometimes.

[doctor] Any gastrointestinal issues?

[patient] Not really, but I do eat a lot of fast food.

[doctor] Any respiratory problems like dyspnea or cough?

[patient] No, no breathing problems.

[doctor] Any urinary issues?

[patient] No, no problems there.

[doctor] Any musculoskeletal pain or swelling?

[patient] No, nothing significant.

[doctor] Let's check your vital signs. Your blood pressure is 138/92 mmHg, heart rate is 88 beats per minute and irregular, temperature is 98.6°F, respiratory rate is 16 breaths per minute, and your oxygen saturation is 98% on room air.

[patient] Okay.

[doctor] Now, let's do a physical exam. You look anxious but alert and oriented. Neurologically, you have a right-sided facial droop and decreased sensation on your right arm. There are some mild coordination difficulties. Your cardiovascular exam shows an irregular heartbeat, but no carotid bruit is noted. Your HEENT exam shows no evidence of papilledema and normal tympanic membranes. Your respiratory exam is clear to auscultation bilaterally. Your gastrointestinal exam is soft and non-tender with no organomegaly. Your musculoskeletal exam shows a normal range of motion with no deformities or tenderness, and your skin exam shows no rashes or lesions.

[patient] Alright.

[doctor] I’ll order some blood work, including a complete blood count (CBC), a basic metabolic panel (BMP), and a thyroid panel to assess thyroid function. We'll also need a carotid Doppler ultrasound and a computed tomography angiography (CTA) of the head and neck.

[patient] Okay, that sounds good.

[doctor] Based on your symptoms and physical examination, it looks like you may have occlusion and stenosis of your bilateral carotid arteries, which is likely causing these transient ischemic attacks.

[patient] Oh, that sounds serious.

[doctor] It is, but we can manage it. We also need to consider other conditions like migraines, hypothyroidism, and nicotine dependence, which could be contributing to your symptoms.

[patient] I've had migraines before, but this feels different.

[doctor] Understood. We will start you on aspirin 81 mg daily to help prevent further TIAs. I also recommend discontinuing sumatriptan and starting verapamil 40 mg twice daily for migraine prevention and blood pressure control.

[patient] Okay, I can do that.

[doctor] I'll refer you to a neurologist immediately for possible carotid endarterectomy or stenting. We need to address this urgently.

[patient] I agree. What about my lifestyle?

[doctor] You need to make some lifestyle changes. It's important to stop smoking due to its impact on your vascular health. Try to eat a more balanced diet and reduce fast food intake. Integrate mild physical activity into your daily routine, even with your busy schedule.

[patient] I'll do my best.

[doctor] Great. We'll follow up in a week at the community health clinic to manage your hypothyroidism and overall health assessment. We'll also discuss the results of your blood work and imaging then.

[patient] Alright, I understand.

[doctor] Do you have any questions about the plan?

[patient] No, I think that's clear. Thank you for your help.

[doctor] You're welcome. We'll get through this together. See you next week.

[patient] Thank you, doctor. See you then."|"[doctor] Hi, how are you doing today?

[patient] Hi, I'm okay, but I've been having some severe episodes lately. It's pretty worrying.

[doctor] I'm sorry to hear that. Can you tell me more about these episodes?

[patient] Sure. Over the past month, I've had several severe episodes. They seem like transient ischemic attacks, and I've had severe headaches, numbness on the right side of my face, and even temporary loss of vision in my left eye.

[doctor] That sounds very concerning. How severe have these episodes been?

[patient] They're very severe. The headaches are terrible, and the numbness and vision loss are really scary.

[doctor] When did these episodes start?

[patient] About a month ago.

[doctor] How frequently have these episodes been occurring?

[patient] They've happened three times in the last two weeks.

[doctor] That's quite frequent. How have these symptoms affected your daily activities?

[patient] I've missed a lot of work because of them. It's really hard to function normally.

[doctor] I can understand why that would be troubling. How are you feeling about all this?

[patient] I'm really anxious and worried. I just want to get better and I'll do whatever it takes to follow your advice.

[doctor] I'm glad you're committed to following medical advice. Let's go through a review of your systems to make sure we cover everything. Have you had any difficulty sleeping?

[patient] Yes, the headaches make it hard to sleep.

[doctor] Any other neurological symptoms like facial droop or decreased sensation?

[patient] Yes, I have a right-sided facial droop and decreased sensation on my right arm. Sometimes I also have mild coordination difficulties.

[doctor] Okay. How about cardiovascular symptoms? Any irregular heartbeat?

[patient] Yes, I've noticed my heartbeat feels irregular sometimes.

[doctor] Any gastrointestinal issues?

[patient] Not really, but I do eat a lot of fast food.

[doctor] Any respiratory problems like dyspnea or cough?

[patient] No, no breathing problems.

[doctor] Any urinary issues?

[patient] No, no problems there.

[doctor] Any musculoskeletal pain or swelling?

[patient] No, nothing significant.

[doctor] Let's check your vital signs. Your blood pressure is 138/92 mmHg, heart rate is 88 beats per minute and irregular, temperature is 98.6°F, respiratory rate is 16 breaths per minute, and your oxygen saturation is 98% on room air.

[patient] Okay.

[doctor] Now, let's do a physical exam. You look anxious but alert and oriented. Neurologically, you have a right-sided facial droop and decreased sensation on your right arm. There are some mild coordination difficulties. Your cardiovascular exam shows an irregular heartbeat, but no carotid bruit is noted. Your HEENT exam shows no evidence of papilledema and normal tympanic membranes. Your respiratory exam is clear to auscultation bilaterally. Your gastrointestinal exam is soft and non-tender with no organomegaly. Your musculoskeletal exam shows a normal range of motion with no deformities or tenderness, and your skin exam shows no rashes or lesions.

[patient] Alright.

[doctor] I’ll order some blood work, including a complete blood count (CBC), a basic metabolic panel (BMP), and a thyroid panel to assess thyroid function. We'll also need a carotid Doppler ultrasound and a computed tomography angiography (CTA) of the head and neck.

[patient] Okay, that sounds good.

[doctor] Based on your symptoms and physical examination, it looks like you may have occlusion and stenosis of your bilateral carotid arteries, which is likely causing these transient ischemic attacks.

[patient] Oh, that sounds serious.

[doctor] It is, but we can manage it. We also need to consider other conditions like migraines, hypothyroidism, and nicotine dependence, which could be contributing to your symptoms.

[patient] I've had migraines before, but this feels different.

[doctor] Understood. We will start you on aspirin 81 mg daily to help prevent further TIAs. I also recommend discontinuing sumatriptan and starting verapamil 40 mg twice daily for migraine prevention and blood pressure control.

[patient] Okay, I can do that.

[doctor] I'll refer you to a neurologist immediately for possible carotid endarterectomy or stenting. We need to address this urgently.

[patient] I agree. What about my lifestyle?

[doctor] You need to make some lifestyle changes. It's important to stop smoking due to its impact on your vascular health. Try to eat a more balanced diet and reduce fast food intake. Integrate mild physical activity into your daily routine, even with your busy schedule.

[patient] I'll do my best.

[doctor] Great. We'll follow up in a week at the community health clinic to manage your hypothyroidism and overall health assessment. We'll also discuss the results of your blood work and imaging then.

[patient] Alright, I understand.

[doctor] Do you have any questions about the plan?

[patient] No, I think that's clear. Thank you for your help.

[doctor] You're welcome. We'll get through this together. See you next week.

[patient] Thank you, doctor. See you then."
OCCLUSION AND STENOSIS OF BILATERAL CAROTID ARTERIES|"ROLE: General Physician

DEMOGRAPHIC INFORMATION
- Age: 30
- Gender: Female
- Ethnicity: Asian
- Socio-economic Status: Lower-middle class
- Education Level: College graduate
- Health Literacy: Moderate
- Job Status: Freelance Graphic Designer

CLINICAL SETTING
- Community Health Clinic

TYPE OF ENCOUNTER
- Initial Consultation

GEOGRAPHICAL LOCATION
- Small City
- Suburban Area
- Moderate pollution, good access to healthcare services

CHIEF COMPLAINT
- Chest pain and shortness of breath

SYMPTOM DESCRIPTION
- Severity: Moderate to severe
- Duration: 1 week
- Associated Symptoms: Palpitations, dizziness, fatigue
- Frequency: Several times daily
- Impact on Daily Activities: Difficulty performing daily tasks, missed work deadlines

MEDICAL HISTORY
- Previous Diagnoses: Asthma, Anxiety Disorder
- Family Medical History: Father with coronary artery disease, mother with rheumatoid arthritis
- Medication History: Inhaler (Albuterol) PRN for asthma, Sertraline 50 mg oral daily
- Allergies: None known
- Chronic Conditions: Asthma, Anxiety Disorder

PATIENT’S SELF-REPORTED HABITS AND LIFESTYLE
- Sleep: Irregular sleep schedule, sleeps 4-5 hours per night
- Diet: Balanced diet but often skips meals due to work
- Exercise: Irregular, exercises sporadically
- Tobacco Use: Never smoked
- Alcohol Consumption: Rare, social drinker
- Drug Use: Denies illicit drug use
- Recreational Activities: Enjoys painting and gardening

PATIENT'S BEHAVIOR
- Patient is cooperative but appears visibly nervous and concerned about symptoms

PHYSICAL EXAMS
- General: Alert, anxious
- Cardiovascular: Normal heart sounds, no murmurs, regular rhythm
- Respiratory: Bilateral wheezes on auscultation, mild accessory muscle use

INVESTIGATION/TEST RESULTS
- ECG (performed during visit): Normal sinus rhythm, no acute ischemic changes
- Blood Work: Order CMP (Comprehensive Metabolic Panel) to check for electrolyte imbalances
- Imaging: Chest X-ray to rule out any acute pathology related to lungs and heart (awaiting results)

MEDICAL OUTCOME
- Diagnosis: Panic Disorder with Chest Pain (ICD-10: F41.0)
- Prescribed Treatment:
  - Increase Sertraline to 100 mg oral daily
  - Lorazepam 0.5 mg oral PRN for acute anxiety episodes, maximum 3 times daily
- Follow-up Recommendations: Scheduled follow-up visit in 2 weeks to assess symptom management
- Referral to Specialists:
  - Referral to Clinical Psychologist Dr. Rachel Kim for cognitive behavioral therapy (CBT) to address anxiety symptoms
- Lifestyle Change:
  - Sleep: Encourage regular sleep schedule, refer for sleep hygiene education
  - Diet: Maintain balanced diet and avoid skipping meals, consider small, frequent meals to prevent blood sugar fluctuations
  - Exercise: Recommend regular moderate exercise, such as walking or yoga
  - Stress Management: Incorporate relaxation techniques such as deep breathing exercises, meditation, or mindfulness into daily routine"|"**1. Subjective:**

**Chief Complaint (CC):**
Chest pain and shortness of breath.

**History of Present Illness (HPI):**
The patient is a 30-year-old Asian female, a freelance graphic designer, presenting with chest pain and shortness of breath for the past week. She describes the chest pain as moderate to severe, occurring several times daily, and associated with palpitations, dizziness, and fatigue. These symptoms have significantly impacted her ability to perform daily tasks and have caused her to miss work deadlines.

**Review of Systems (ROS):**
- **Constitutional:** Reports feeling fatigued. 
- **Cardiovascular:** Endorses palpitations.
- **Respiratory:** Endorses shortness of breath and chest pain.
- **Neurological:** Endorses dizziness.
- **Psychiatric:** Reports feeling anxious and nervous about her symptoms.

**2. Objective:**

**Physical Examination:**
- **General:** Alert, appears anxious.
- **Cardiovascular:** Normal heart sounds, no murmurs, regular rhythm.
- **Respiratory:** Bilateral wheezes on auscultation, mild use of accessory muscles.
- **Neurological:** No focal deficits noted.

**Investigations/Tests:**
- **ECG:** Normal sinus rhythm, no acute ischemic changes.
- **Blood Work:** CMP ordered to rule out electrolyte imbalances (awaiting results).
- **Imaging:** Chest X-ray ordered to rule out acute pathology related to lungs and heart (awaiting results).

**3. Assessment:**

Primary diagnosis: Panic Disorder with Chest Pain (ICD-10: F41.0)

- **Medical Reasoning:** The patient’s symptoms of chest pain, shortness of breath, palpitations, dizziness, and significant anxiety suggest a panic disorder. Her cardiovascular and respiratory exams are largely unremarkable except for wheezing, which is consistent with her known asthma.

**4. Plan:**

**Medical Treatment:**
- Increase Sertraline to 100 mg orally daily.
- Prescribe Lorazepam 0.5 mg orally PRN for acute anxiety episodes, maximum of 3 times daily.

**Further Investigations:**
- Follow-up on pending results of CMP and chest X-ray.

**Referrals:**
- Referral to Clinical Psychologist Dr. Rachel Kim for cognitive behavioral therapy (CBT) to address anxiety symptoms.

**Lifestyle Recommendations:**
- **Sleep:** Encourage setting a regular sleep schedule and refer for sleep hygiene education.
- **Diet:** Advise maintaining a balanced diet and avoiding skipping meals; consider small, frequent meals to prevent blood sugar fluctuations.
- **Exercise:** Recommend regular moderate exercise, such as walking or yoga.
- **Stress Management:** Advise incorporating relaxation techniques such as deep breathing exercises, meditation, or mindfulness into her daily routine.

**Follow-Up:**
- Schedule a follow-up visit in 2 weeks to assess symptom management and effectiveness of treatment adjustments."|"**1. Subjective:**

**Chief Complaint (CC):**
Chest pain and shortness of breath.

**History of Present Illness (HPI):**
The patient is a 30-year-old Asian female, a freelance graphic designer, presenting with chest pain and shortness of breath for the past week. She describes the chest pain as moderate to severe, occurring several times daily, and associated with palpitations, dizziness, and fatigue. These symptoms have significantly impacted her ability to perform daily tasks and have caused her to miss work deadlines.

**Review of Systems (ROS):**
- **Constitutional:** Reports feeling fatigued. 
- **Cardiovascular:** Endorses palpitations.
- **Respiratory:** Endorses shortness of breath and chest pain.
- **Neurological:** Endorses dizziness.
- **Psychiatric:** Reports feeling anxious and nervous about her symptoms.

**2. Objective:**

**Physical Examination:**
- **General:** Alert, appears anxious.
- **Cardiovascular:** Normal heart sounds, no murmurs, regular rhythm.
- **Respiratory:** Bilateral wheezes on auscultation, mild use of accessory muscles.
- **Neurological:** No focal deficits noted.

**Investigations/Tests:**
- **ECG:** Normal sinus rhythm, no acute ischemic changes.

**3. Assessment:**

Primary diagnosis: Panic Disorder with Chest Pain (ICD-10: F41.0)

- **Medical Reasoning:** The patient’s symptoms of chest pain, shortness of breath, palpitations, dizziness, and significant anxiety suggest a panic disorder. Her cardiovascular and respiratory exams are largely unremarkable except for wheezing, which is consistent with her known asthma.

**4. Plan:**

**Medical Treatment:**
- Increase Sertraline to 100 mg orally daily.
- Prescribe Lorazepam 0.5 mg orally PRN for acute anxiety episodes, maximum of 3 times daily.

**Further Investigations:**
- Follow-up on pending results of CMP and chest X-ray.

**Referrals:**
- Referral to Clinical Psychologist Dr. Rachel Kim for cognitive behavioral therapy (CBT) to address anxiety symptoms.

**Lifestyle Recommendations:**
- **Sleep:** Encourage setting a regular sleep schedule and refer for sleep hygiene education.
- **Diet:** Advise maintaining a balanced diet and avoiding skipping meals; consider small, frequent meals to prevent blood sugar fluctuations.
- **Exercise:** Recommend regular moderate exercise, such as walking or yoga.
- **Stress Management:** Advise incorporating relaxation techniques such as deep breathing exercises, meditation, or mindfulness into her daily routine.

**Follow-Up:**
- Schedule a follow-up visit in 2 weeks to assess symptom management and effectiveness of treatment adjustments."|"**1. Subjective:**

**CC:**
Chest pain and SOB.

**HPI:**
The pt is a 30 y/o Asian F, a freelance graphic designer, presenting with CP and SOB for the past week. She describes the CP as moderate to severe, occurring several times daily, and associated with palpitations, dizziness, and fatigue. These symptoms have significantly impacted her ability to perform daily tasks and have caused her to miss work deadlines.

**ROS:**
- **Constitutional:** Reports feeling fatigued.
- **CV:** Endorses palpitations.
- **Resp:** Endorses SOB and CP.
- **Neuro:** Endorses dizziness.
- **Psych:** Reports feeling anxious and nervous about her symptoms.

**2. Objective:**

**Physical Exam:**
- **General:** Alert, appears anxious.
- **CV:** Normal heart sounds, no murmurs, regular rhythm.
- **Resp:** Bilateral wheezes on auscultation, mild use of accessory muscles.
- **Neuro:** No focal deficits noted.

**Investigations/Tests:**
- **ECG:** NSR, no acute ischemic changes.

**3. Assessment:**

Primary dx: Panic Disorder with CP (ICD-10: F41.0)

- **Medical Reasoning:** The pt’s symptoms of CP, SOB, palpitations, dizziness, and significant anxiety suggest a panic disorder. Her CV and resp exams are largely unremarkable except for wheezing, which is consistent with her known asthma.

**4. Plan:**

**Medical Tx:**
- Increase Sertraline to 100 mg PO daily.
- Rx Lorazepam 0.5 mg PO PRN for acute anxiety episodes, max 3 times daily.

**Further Investigations:**
- F/U on pending results of CMP and CXR.

**Referrals:**
- Referral to Clinical Psychologist Dr. Rachel Kim for CBT to address anxiety symptoms.

**Lifestyle Recommendations:**
- **Sleep:** Encourage setting a regular sleep schedule and refer for sleep hygiene education.
- **Diet:** Advise maintaining a balanced diet and avoiding skipping meals; consider small, frequent meals to prevent blood sugar fluctuations.
- **Exercise:** Recommend regular moderate exercise, such as walking or yoga.
- **Stress Mgmt:** Advise incorporating relaxation techniques such as deep breathing exercises, meditation, or mindfulness into her daily routine.

**F/U:**
- Schedule a F/U visit in 2 weeks to assess symptom mgmt and effectiveness of tx adjustments."|General Physician|"[doctor] Hi, I see you're here because you've been experiencing some chest pain and shortness of breath. Can you tell me more about that?

[patient] Yes, it's been really worrying me. I've had chest pain and shortness of breath for the past week.

[doctor] I see. When you say chest pain, can you describe what it feels like? Is it sharp, dull, or something else?

[patient] It's kind of a moderate to severe pain that comes and goes several times a day. It's really scary.

[doctor] I can imagine. Besides the chest pain and shortness of breath, have you noticed any other symptoms?

[patient] Yes, I've been having palpitations, dizziness, and I just feel so tired all the time.

[doctor] That sounds quite distressing. How has this been affecting your daily life?

[patient] It's been really hard. I can't focus on my work, and I've missed some deadlines because of this.

[doctor] I'm sorry to hear that it’s impacting you so much. Do you have any past medical history we should be aware of?

[patient] I have asthma, but it's usually well-controlled with my inhaler.

[doctor] Have you had any similar episodes of chest pain or shortness of breath in the past?

[patient] No, this is the first time it's been this bad.

[doctor] Okay, let’s talk about your lifestyle a bit. Do you smoke or consume alcohol?

[patient] No, I don't smoke, and I only drink occasionally.

[doctor] Got it. Have you been feeling more anxious or stressed recently?

[patient] Yes, I feel very anxious and nervous about these symptoms. I keep worrying that something is seriously wrong with me.

[doctor] That’s understandable. Have you been experiencing any other symptoms related to your anxiety, like trouble sleeping or changes in appetite?

[patient] Yes, I've been feeling really fatigued and it's hard to sleep well.

[doctor] Thank you for sharing that. I’m going to perform a physical exam now. 

[patient] Okay.

[doctor] Alright, you seem to be alert but a bit anxious. Let me listen to your heart. Your heart sounds normal, with no murmurs and a regular rhythm. Now, I'll check your lungs. There are some bilateral wheezes, and I notice a mild use of accessory muscles. Let’s check your neurological status. No focal deficits noted. 

[patient] What does that mean?

[doctor] It means that your heart sounds normal and there’s no obvious problem with your nervous system. The wheezing could be related to your asthma. 

[patient] Oh, okay.

[doctor] Earlier, I reviewed your ECG results. It shows a normal sinus rhythm with no acute ischemic changes, which is good news. We’re still waiting for the results of your blood work and chest X-ray.

[patient] That’s somewhat relieving. So what do you think is going on?

[doctor] Based on your symptoms—chest pain, shortness of breath, palpitations, dizziness, and significant anxiety—I suspect you might be experiencing a panic disorder. Your cardiovascular and respiratory exams are largely unremarkable except for the wheezing, which is consistent with your asthma.

[patient] A panic disorder? What does that mean?

[doctor] It means that your symptoms could be related to episodes of intense anxiety or panic attacks. This can cause physical symptoms like chest pain and shortness of breath.

[patient] Oh, I see. So what should I do?

[doctor] I’m going to increase your Sertraline dosage to 100 mg daily to help manage your anxiety. I’ll also prescribe Lorazepam 0.5 mg to take as needed for acute anxiety episodes, up to three times daily.

[patient] Okay. What about the tests?

[doctor] We’ll follow up on the results of the CMP and chest X-ray. If there's anything concerning, we’ll address it then.

[patient] Alright.

[doctor] I’d also like to refer you to a clinical psychologist, Dr. Rachel Kim, for cognitive behavioral therapy. This can help you manage your anxiety symptoms.

[patient] That sounds like a good idea.

[doctor] In terms of lifestyle changes, I recommend setting a regular sleep schedule and looking into sleep hygiene education. Maintaining a balanced diet and avoiding skipping meals can help stabilize your blood sugar levels, which can impact your anxiety.

[patient] Okay, I can try that.

[doctor] Regular moderate exercise, like walking or yoga, can also be beneficial. And incorporating relaxation techniques such as deep breathing exercises, meditation, or mindfulness into your daily routine can help manage stress.

[patient] I’ll give that a try.

[doctor] Excellent. I’d like to see you back in two weeks to assess how you're managing and to see if we need to adjust your treatment plan.

[patient] Okay, thank you so much, Doctor.

[doctor] You're welcome. Do you have any questions before we wrap up?

[patient] No, I don’t think so. Thank you for your help.

[doctor] Alright, take care and we'll see you in two weeks.

[patient] Thank you, Doctor. Goodbye.

[doctor] Goodbye."|"[doctor] Hi, I see you're here because you've been experiencing some chest pain and shortness of breath. Can you tell me more about that?

[patient] Yeah, it's been really worrying me. I've had chest pain and shortness of breath for the past week.

[doctor] Hmm, I see. When you say chest pain, can you describe what it feels like? Is it sharp, dull, or something else?

[patient] It's kind of a moderate to severe pain that comes and goes several times a day. It's really scary.

[doctor] I can imagine. Besides the chest pain and shortness of breath, have you noticed any other symptoms?

[patient] Yes, I've been having palpitations, dizziness, and I just feel so tired all the time.

[doctor] That sounds quite distressing. How has this been affecting your daily life?

[patient] It's been really hard. I can't focus on my work, and I've missed some deadlines because of this.

[doctor] I'm sorry to hear that it’s impacting you so much. Do you have any past medical history we should be aware of?

[patient] I have asthma, but it's usually well-controlled with my inhaler.

[doctor] Have you had any similar episodes of chest pain or shortness of breath in the past?

[patient] No, this is the first time it's been this bad.

[doctor] Okay, let’s talk about your lifestyle a bit. Do you smoke or consume alcohol?

[patient] No, I don't smoke, and I only drink occasionally.

[doctor] Got it. Have you been feeling more anxious or stressed recently?

[patient] Yes, I feel very anxious and nervous about these symptoms. I keep worrying that something is seriously wrong with me.

[doctor] That’s understandable. Have you been experiencing any other symptoms related to your anxiety, like trouble sleeping or changes in appetite?

[patient] Yes, I've been feeling really fatigued and it's hard to sleep well.

[doctor] Thank you for sharing that. I’m going to perform a physical exam now. 

[patient] Okay.

[doctor] Alright, you seem to be alert but a bit anxious. Let me listen to your heart. Your heart sounds normal, with no murmurs and a regular rhythm. Now, I'll check your lungs. There are some bilateral wheezes, and I notice a mild use of accessory muscles. Let’s check your neurological status. No focal deficits noted. 

[patient] What does that mean?

[doctor] It means that your heart sounds normal and there’s no obvious problem with your nervous system. The wheezing could be related to your asthma. 

[patient] Oh, okay.

[doctor] Earlier, I reviewed your ECG results. It shows a normal sinus rhythm with no acute ischemic changes, which is good news. We’re still waiting for the results of your blood work and chest X-ray.

[patient] That’s somewhat relieving. So what do you think is going on?

[doctor] Based on your symptoms—chest pain, shortness of breath, palpitations, dizziness, and significant anxiety—I suspect you might be experiencing a panic disorder. Your cardiovascular and respiratory exams are largely unremarkable except for the wheezing, which is consistent with your asthma.

[patient] A panic disorder? What does that mean?

[doctor] It means that your symptoms could be related to episodes of intense anxiety or panic attacks. This can cause physical symptoms like chest pain and shortness of breath.

[patient] Oh, I see. So what should I do?

[doctor] I’m going to increase your Sertraline dosage to 100 mg daily to help manage your anxiety. I’ll also prescribe Lorazepam 0.5 mg to take as needed for acute anxiety episodes, up to three times daily.

[patient] Okay. What about the tests?

[doctor] We’ll follow up on the results of the CMP and chest X-ray. If there's anything concerning, we’ll address it then.

[patient] Alright.

[doctor] I’d also like to refer you to a clinical psychologist, Dr. Rachel Kim, for cognitive behavioral therapy. This can help you manage your anxiety symptoms.

[patient] That sounds like a good idea.

[doctor] In terms of lifestyle changes, I recommend setting a regular sleep schedule and looking into sleep hygiene education. Maintaining a balanced diet and avoiding skipping meals can help stabilize your blood sugar levels, which can impact your anxiety.

[patient] Okay, I can try that.

[doctor] Regular moderate exercise, like walking or yoga, can also be beneficial. And incorporating relaxation techniques such as deep breathing exercises, meditation, or mindfulness into your daily routine can help manage stress.

[patient] I’ll give that a try.

[doctor] Excellent. I’d like to see you back in two weeks to assess how you're managing and to see if we need to adjust your treatment plan.

[patient] Okay, thank you so much, Doctor.

[doctor] You're welcome. Do you have any questions before we wrap up?

[patient] No, I don’t think so. Thank you for your help.

[doctor] Alright, take care and we'll see you in two weeks.

[patient] Thank you, Doctor. Goodbye.

[doctor] Goodbye."
OCCLUSION AND STENOSIS OF BILATERAL CAROTID ARTERIES|"ROLE: Neurologist

**1) Medical Outcome:**
   - Diagnosis: Occlusion and Stenosis of Bilateral Carotid Arteries
   - Prescribed Treatment: Clopidogrel 75 mg, oral, once daily
   - Referral to Specialists: Vascular Surgeon, Dr. Linda Morris, for assessment of surgical intervention
   - Referral to Further Tests: Carotid Artery MRI
   - Follow-up Recommendations: Follow-up appointment in 2 weeks to review test results

**2) Medical History:**
   - Previous Diagnoses: Type 2 Diabetes, Stroke (3 years ago)
   - Family Medical History: Maternal history of heart disease
   - Medication History: Metformin 1000 mg twice daily
   - Allergies: Penicillin
   - Chronic Conditions: Type 2 Diabetes

**3) Symptom Description:**
   - Severity: Severe
   - Duration: 2 weeks
   - Associated Symptoms: Recurrent headaches, speech difficulty, right arm weakness
   - Frequency: Daily
   - Impact on Daily Activities: Difficulty managing daily activities, especially involving fine motor skills

**4) Patient’s self-reported habits and lifestyle:**
   - Sleep: 5-6 hours per night, frequent nocturnal awakenings
   - Diet: Predominantly high-carb diet, minimal vegetables
   - Exercise: No regular exercise routine
   - Tobacco Use: Non-smoker
   - Alcohol Consumption: Drinks wine occasionally, 1-2 glasses per week
   - Drug Use: None
   - Recreational Activities: Enjoys crossword puzzles, minimally social

**5) Demographic Information:**
   - Age: 58
   - Gender: Female
   - Ethnicity: Hispanic
   - Socio-economic Status: Lower-middle class
   - Education Level: Bachelor's degree
   - Health Literacy: Good understanding of diabetes management but limited on cardiovascular issues
   - Job Status: Part-time worker in a community library

**6) Patient's Behavior:**
   - Cooperation Level: Highly cooperative, adherent to medication regimen

**7) Geographical Location:**
   - Big City vs. Small City: Resides in a small city
   - Pollution and Environmental Health Risks: Moderate pollution
   - Neighborhood Type: Impoverished area, limited access to fresh food

**8) Clinical Setting:**
   - Community Health Services

**9) Type of Encounter:**
   - Emergency Visit

**10) Treatment Disparities:**
   - Financial constraints limiting access to certain medications

**11) Native or Non-Native English Speaking Patient:**
   - Native English-speaking

**12) Physical exams:**
   - Cardiovascular: Carotid bruits detected on both sides
   - Neurological: Positive Babinski sign on the right, decreased strength in right upper extremity

**13) Investigation/Test results:**
   - Awaiting Carotid Artery MRI results"|"#####
**1. Subjective:**
- **Chief Complaint (CC):** 
  Recurrent headaches, speech difficulty, and right arm weakness.
  
- **History of Present Illness (HPI):**
  Maria Gonzalez is a 58-year-old Hispanic female who presents to the emergency department with severe headaches, speech difficulty, and right arm weakness that have persisted over the last 2 weeks. She reports that these symptoms have been occurring daily and are significantly impacting her ability to manage daily activities, particularly those involving fine motor skills. She describes the headaches as throbbing and rates the pain as 8/10, with no clear alleviating factors.

- **Review of Systems (ROS):**
  - **Neurological:** Reports recurrent headaches, speech difficulty, right arm weakness. No seizures or recent head trauma.
  - **Cardiovascular:** No chest pain, but reports a history of heart disease in her family. 
  - **Endocrine:** Type 2 Diabetes, well-managed with metformin.
  - **General Health:** No recent weight changes, fevers, or chills. Reports fatigue.

**2. Objective:**
- **Vitals:**
  - Blood Pressure: 145/90 mmHg
  - Heart Rate: 78 beats per minute
  - Respiratory Rate: 16 breaths per minute
  - Temperature: 98.6°F

- **Physical Examination:**
  - **Cardiovascular:** Carotid bruits detected bilaterally.
  - **Neurological:**
    - Positive Babinski sign on the right.
    - Decreased strength (3/5) in the right upper extremity.
    - Speech assessment shows mild dysarthria.
  - **General:** Alert and oriented to person, place, and time.
  
- **Laboratory Results:**
  - Blood Glucose: 110 mg/dL (fasting)
  - HbA1c: 6.8%

- **Pending Results:**
  Awaiting results from Carotid Artery MRI.

**3. Assessment:**
- The patient presents with recurrent headaches, speech difficulties, and right arm weakness which are concerning for cerebrovascular insufficiency. Given her history of Type 2 Diabetes and a prior stroke, the clinical findings of bilateral carotid bruits and neurological deficits raise suspicion for significant carotid artery occlusion and stenosis.

**4. Plan:**
- **Medication:**
  - Start Clopidogrel 75 mg, orally, once daily.
  
- **Referrals:**
  - Refer to Vascular Surgeon, Dr. Linda Morris, for an assessment of potential surgical interventions.
  
- **Further Testing:**
  - Carotid Artery MRI to further evaluate the extent of occlusion and stenosis.
  
- **Follow-up:**
  - Schedule a follow-up appointment in 2 weeks to review MRI results and discuss further management based on findings.

- **Lifestyle Recommendations:**
  - Advise the patient on dietary modifications to include more vegetables and reduce high-carb intake.
  - Encourage the initiation of a mild exercise regimen, emphasizing the importance of cardiovascular health.
  - Discuss sleep hygiene techniques to improve nocturnal awakenings and overall sleep quality.
  
- **Financial Aid:**
  - Provide information on community health resources and financial aid programs to help manage medication costs.

- **Patient Education:**
  - Educate the patient on the importance of medication adherence and lifestyle modifications in managing her condition and preventing further complications.
  - Discuss the signs and symptoms of stroke and the need for immediate medical attention if they occur.

- **Emergency Instructions:**
  - Instruct the patient to return to the emergency department immediately if she experiences worsening symptoms, new onset of severe headache, or any new neurological deficits.

#####
"|"#####
**1. Subjective:**
- **Chief Complaint (CC):** 
  Recurrent headaches, speech difficulty, and right arm weakness.
  
- **History of Present Illness (HPI):**
  Maria Gonzalez is a 58-year-old Hispanic female who presents to the emergency department with severe headaches, speech difficulty, and right arm weakness that have persisted over the last 2 weeks. She reports that these symptoms have been occurring daily and are significantly impacting her ability to manage daily activities, particularly those involving fine motor skills. She describes the headaches as throbbing and rates the pain as 8/10, with no clear alleviating factors.

- **Review of Systems (ROS):**
  - **Neurological:** Reports recurrent headaches, speech difficulty, right arm weakness. No seizures or recent head trauma.
  - **Cardiovascular:** No chest pain, but reports a history of heart disease in her family. 
  - **Endocrine:** Type 2 Diabetes, well-managed with metformin.
  - **General Health:** No recent weight changes, fevers, or chills. Reports fatigue.

**2. Objective:**
- **Vitals:**
  - Blood Pressure: 145/90 mmHg
  - Heart Rate: 78 beats per minute
  - Respiratory Rate: 16 breaths per minute
  - Temperature: 98.6°F

- **Physical Examination:**
  - **Cardiovascular:** Carotid bruits detected bilaterally.
  - **Neurological:**
    - Positive Babinski sign on the right.
    - Decreased strength (3/5) in the right upper extremity.
    - Speech assessment shows mild dysarthria.
  - **General:** Alert and oriented to person, place, and time.
  
- **Laboratory Results:**
  - Blood Glucose: 110 mg/dL (fasting)
  - HbA1c: 6.8%

**3. Assessment:**
- The patient presents with recurrent headaches, speech difficulties, and right arm weakness which are concerning for cerebrovascular insufficiency. Given her history of Type 2 Diabetes and a prior stroke, the clinical findings of bilateral carotid bruits and neurological deficits raise suspicion for significant carotid artery occlusion and stenosis.

**4. Plan:**
- **Medication:**
  - Start Clopidogrel 75 mg, orally, once daily.
  
- **Referrals:**
  - Refer to Vascular Surgeon, Dr. Linda Morris, for an assessment of potential surgical interventions.
  
- **Further Testing:**
  - Carotid Artery MRI to further evaluate the extent of occlusion and stenosis.
  
- **Follow-up:**
  - Schedule a follow-up appointment in 2 weeks to review MRI results and discuss further management based on findings.

- **Lifestyle Recommendations:**
  - Advise the patient on dietary modifications to include more vegetables and reduce high-carb intake.
  - Encourage the initiation of a mild exercise regimen, emphasizing the importance of cardiovascular health.
  - Discuss sleep hygiene techniques to improve nocturnal awakenings and overall sleep quality.
  
- **Financial Aid:**
  - Provide information on community health resources and financial aid programs to help manage medication costs.

- **Patient Education:**
  - Educate the patient on the importance of medication adherence and lifestyle modifications in managing her condition and preventing further complications.
  - Discuss the signs and symptoms of stroke and the need for immediate medical attention if they occur.

- **Emergency Instructions:**
  - Instruct the patient to return to the emergency department immediately if she experiences worsening symptoms, new onset of severe headache, or any new neurological deficits.

#####"|"#####
**1. Subjective:**
- **CC:** 
  Recurrent HAs, speech difficulty, and R arm weakness.
  
- **HPI:**
  Maria Gonzalez is a 58 y/o Hispanic F who presents to the ED with severe HAs, speech difficulty, and R arm weakness persisting over the last 2 wks. She reports these sx have been occurring daily and significantly impacting her ability to manage ADLs, particularly those involving fine motor skills. She describes the HAs as throbbing and rates the pain as 8/10, with no clear alleviating factors.

- **ROS:**
  - **Neuro:** Reports recurrent HAs, speech difficulty, R arm weakness. No sz or recent head trauma.
  - **CV:** No CP, but reports a FHx of heart disease. 
  - **Endo:** T2DM, well-managed with metformin.
  - **Gen:** No recent wt changes, fevers, or chills. Reports fatigue.

**2. Objective:**
- **Vitals:**
  - BP: 145/90 mmHg
  - HR: 78 bpm
  - RR: 16 bpm
  - Temp: 98.6°F

- **PE:**
  - **CV:** Carotid bruits detected bilaterally.
  - **Neuro:**
    - Positive Babinski sign on the R.
    - Decreased strength (3/5) in the RUE.
    - Speech assessment shows mild dysarthria.
  - **Gen:** Alert and oriented to person, place, and time.
  
- **Labs:**
  - BG: 110 mg/dL (fasting)
  - HbA1c: 6.8%

**3. Assessment:**
- The pt presents with recurrent HAs, speech difficulties, and R arm weakness which are concerning for cerebrovascular insufficiency. Given her hx of T2DM and a prior CVA, the clinical findings of bilateral carotid bruits and neuro deficits raise suspicion for significant carotid artery occlusion and stenosis.

**4. Plan:**
- **Meds:**
  - Start Clopidogrel 75 mg PO QD.
  
- **Referrals:**
  - Refer to Vasc Surg, Dr. Linda Morris, for assessment of potential surgical interventions.
  
- **Further Testing:**
  - Carotid Artery MRI to further evaluate the extent of occlusion and stenosis.
  
- **F/U:**
  - Schedule a F/U appt in 2 wks to review MRI results and discuss further mgmt based on findings.

- **Lifestyle Recs:**
  - Advise the pt on dietary modifications to include more vegetables and reduce high-carb intake.
  - Encourage initiation of a mild exercise regimen, emphasizing the importance of CV health.
  - Discuss sleep hygiene techniques to improve nocturnal awakenings and overall sleep quality.
  
- **Financial Aid:**
  - Provide info on community health resources and financial aid programs to help manage med costs.

- **Pt Ed:**
  - Educate the pt on the importance of med adherence and lifestyle modifications in managing her condition and preventing further complications.
  - Discuss the signs and sx of stroke and the need for immediate medical attention if they occur.

- **Emergency Instructions:**
  - Instruct the pt to return to the ED immediately if she experiences worsening sx, new onset of severe HA, or any new neuro deficits.

#####"|Neurologist|"**Doctor:** Good morning, Maria. How are you doing today?

**Patient:** Good morning, Doctor. I've been better, honestly.

**Doctor:** I'm sorry to hear that. Can you tell me what brings you in today?

**Patient:** I've been having these really bad headaches, trouble speaking, and my right arm feels weak. It's been going on for about two weeks now.

**Doctor:** I'm sorry to hear that. How would you describe your headaches?

**Patient:** They're throbbing and really painful. I'd say the pain is about an 8 out of 10.

**Doctor:** I see. And do you notice anything that makes the headaches better or worse?

**Patient:** Nothing really seems to help. They just come and go throughout the day.

**Doctor:** Have you had any seizures or recent head trauma?

**Patient:** No, none of that.

**Doctor:** And how is your overall health? Any recent weight changes, fevers, or chills?

**Patient:** No, no weight changes or fevers. But I do feel very tired all the time.

**Doctor:** I understand. Do you have any chest pain or issues with your heart?

**Patient:** No chest pain, but heart disease runs in my family.

**Doctor:** Okay, thank you. Could you tell me a bit about your diabetes management?

**Patient:** Sure, I've had Type 2 Diabetes for a while now. I take metformin and my blood sugar levels are usually well-managed.

**Doctor:** That's good to hear. Have you noticed any changes in your blood sugar recently?

**Patient:** No, they've been pretty stable.

**Doctor:** How about your speech difficulties? Can you describe them for me?

**Patient:** It's like I know what I want to say, but the words just don't come out right sometimes.

**Doctor:** That sounds frustrating. Let's move on to your right arm. How would you describe the weakness?

**Patient:** It's hard to do things that require fine motor skills, like writing or even buttoning a shirt.

**Doctor:** I see. Have you had any numbness or tingling in your right arm?

**Patient:** No, it's not numb, just weak.

**Doctor:** Thank you for sharing all of that. Let's go over your vitals and do a physical exam now. Your blood pressure is 145/90 mmHg, heart rate is 78 beats per minute, respiratory rate is 16 breaths per minute, and your temperature is 98.6°F. Those are your vital signs. 

**Patient:** Okay.

**Doctor:** On cardiovascular examination, I detected carotid bruits bilaterally. This is a sound that can indicate narrowing of the carotid arteries. 

**Patient:** That doesn’t sound good.

**Doctor:** It’s something we need to investigate further. Now, neurologically, you have a positive Babinski sign on the right, and decreased strength in your right upper extremity, measuring 3 out of 5. You also have mild dysarthria, which explains the speech difficulty you've been experiencing. 

**Patient:** What does all that mean?

**Doctor:** These findings suggest some form of neurological impairment, possibly related to blood flow issues in the brain. We need to be thorough in our investigations. 

**Patient:** Okay, I understand.

**Doctor:** Your blood glucose level is 110 mg/dL fasting, and your HbA1c is 6.8%, which indicates well-managed diabetes. 

**Patient:** Good to know.

**Doctor:** We have ordered an MRI of your carotid arteries, and we’re waiting for those results. This will help us understand if there is any significant blockage or narrowing in those arteries.

**Patient:** What do you think could be causing all these symptoms?

**Doctor:** Given your history of Type 2 Diabetes and a prior stroke, and the clinical findings of carotid bruits and neurological deficits, I suspect significant carotid artery occlusion and stenosis. 

**Patient:** Oh my, that sounds serious.

**Doctor:** It is something we need to address promptly. For now, we’re going to start you on Clopidogrel 75 mg, taken orally once daily. This medication will help reduce the risk of blood clots.

**Patient:** Alright, I can do that.

**Doctor:** I’m also referring you to Dr. Linda Morris, a vascular surgeon, for an assessment of potential surgical interventions if necessary.

**Patient:** Will I need surgery?

**Doctor:** It depends on the results of your MRI and Dr. Morris’s assessment. Surgery might be needed to improve blood flow and prevent further complications.

**Patient:** Okay.

**Doctor:** We’ll schedule a follow-up appointment in two weeks to review your MRI results and discuss further management based on those findings.

**Patient:** That sounds good.

**Doctor:** In the meantime, I have some lifestyle recommendations for you. Try to include more vegetables in your diet and reduce high-carb foods. It’s important for your cardiovascular health.

**Patient:** I can try that.

**Doctor:** Also, I encourage you to start a mild exercise regimen. Even light activities like walking can be beneficial.

**Patient:** I’ll give it a try.

**Doctor:** We’ll also discuss sleep hygiene techniques to improve your sleep quality. Good sleep is crucial for overall health.

**Patient:** I’ve been having trouble sleeping, so that would be helpful.

**Doctor:** I’ll provide you with information on community health resources and financial aid programs to help manage medication costs.

**Patient:** That would be great, thank you.

**Doctor:** It’s also vital that you understand the importance of medication adherence and lifestyle modifications in managing your condition and preventing further complications.

**Patient:** I’ll make sure to follow your advice.

**Doctor:** If you experience any signs or symptoms of a stroke, such as sudden numbness or weakness, particularly on one side of your body, sudden confusion, trouble speaking, or severe headache, you need to seek immediate medical attention.

**Patient:** I will, Doctor.

**Doctor:** And if your symptoms worsen, you experience a new severe headache, or any new neurological deficits, come back to the emergency department right away.

**Patient:** I understand. Thank you for all the information, Doctor.

**Doctor:** You’re welcome, Maria. Do you have any questions for me?

**Patient:** No, I think you’ve covered everything.

**Doctor:** Alright then, take care and we’ll see you in two weeks.

**Patient:** Thank you, Doctor. Bye.

**Doctor:** Goodbye, Maria. Take care."|"[doctor]: Good morning, Maria. How are you doing today?

[patient]: Good morning, Doctor. I've been better, honestly.

[doctor]: I'm sorry to hear that. Can you tell me what brings you in today?

[patient]: I've been having these really bad headaches, trouble speaking, and my right arm feels weak. It's been going on for about two weeks now.

[doctor]: I'm sorry to hear that. How would you describe your headaches?

[patient]: They're throbbing and really painful. I'd say the pain is about an 8 out of 10.

[doctor]: I see. And do you notice anything that makes the headaches better or worse?

[patient]: Nothing really seems to help. They just come and go throughout the day.

[doctor]: Hmm, have you had any seizures or recent head trauma?

[patient]: No, none of that.

[doctor]: And how is your overall health? Any recent weight changes, fevers, or chills?

[patient]: No, no weight changes or fevers. But I do feel very tired all the time.

[doctor]: I understand. Do you have any chest pain or issues with your heart?

[patient]: No chest pain, but heart disease runs in my family.

[doctor]: Okay, thank you. Could you tell me a bit about your diabetes management?

[patient]: Sure, I've had Type 2 Diabetes for a while now. I take metformin and my blood sugar levels are usually well-managed.

[doctor]: That's good to hear. Have you noticed any changes in your blood sugar recently?

[patient]: No, they've been pretty stable.

[doctor]: How about your speech difficulties? Can you describe them for me?

[patient]: It's like I know what I want to say, but the words just don't come out right sometimes.

[doctor]: That sounds frustrating. Let's move on to your right arm. How would you describe the weakness?

[patient]: It's hard to do things that require fine motor skills, like writing or even buttoning a shirt.

[doctor]: I see. Have you had any numbness or tingling in your right arm?

[patient]: No, it's not numb, just weak.

[doctor]: Thank you for sharing all of that. Let's go over your vitals and do a physical exam now. Your blood pressure is 145/90 mmHg, heart rate is 78 beats per minute, respiratory rate is 16 breaths per minute, and your temperature is 98.6°F. Those are your vital signs.

[patient]: Okay.

[doctor]: On cardiovascular examination, I detected carotid bruits bilaterally. This is a sound that can indicate narrowing of the carotid arteries.

[patient]: That doesn’t sound good.

[doctor]: It’s something we need to investigate further. Now, neurologically, you have a positive Babinski sign on the right, and decreased strength in your right upper extremity, measuring 3 out of 5. You also have mild dysarthria, which explains the speech difficulty you've been experiencing.

[patient]: What does all that mean?

[doctor]: These findings suggest some form of neurological impairment, possibly related to blood flow issues in the brain. We need to be thorough in our investigations.

[patient]: Okay, I understand.

[doctor]: Your blood glucose level is 110 mg/dL fasting, and your HbA1c is 6.8%, which indicates well-managed diabetes.

[patient]: Good to know.

[doctor]: We have ordered an MRI of your carotid arteries, and we’re waiting for those results. This will help us understand if there is any significant blockage or narrowing in those arteries.

[patient]: What do you think could be causing all these symptoms?

[doctor]: Given your history of Type 2 Diabetes and a prior stroke, and the clinical findings of carotid bruits and neurological deficits, I suspect significant carotid artery occlusion and stenosis.

[patient]: Oh my, that sounds serious.

[doctor]: It is something we need to address promptly. For now, we’re going to start you on Clopidogrel 75 mg, taken orally once daily. This medication will help reduce the risk of blood clots.

[patient]: Alright, I can do that.

[doctor]: I’m also referring you to Dr. Linda Morris, a vascular surgeon, for an assessment of potential surgical interventions if necessary.

[patient]: Will I need surgery?

[doctor]: It depends on the results of your MRI and Dr. Morris’s assessment. Surgery might be needed to improve blood flow and prevent further complications.

[patient]: Okay.

[doctor]: We’ll schedule a follow-up appointment in two weeks to review your MRI results and discuss further management based on those findings.

[patient]: That sounds good.

[doctor]: In the meantime, I have some lifestyle recommendations for you. Try to include more vegetables in your diet and reduce high-carb foods. It’s important for your cardiovascular health.

[patient]: I can try that.

[doctor]: Also, I encourage you to start a mild exercise regimen. Even light activities like walking can be beneficial.

[patient]: I’ll give it a try.

[doctor]: We’ll also discuss sleep hygiene techniques to improve your sleep quality. Good sleep is crucial for overall health.

[patient]: I’ve been having trouble sleeping, so that would be helpful.

[doctor]: I’ll provide you with information on community health resources and financial aid programs to help manage medication costs.

[patient]: That would be great, thank you.

[doctor]: It’s also vital that you understand the importance of medication adherence and lifestyle modifications in managing your condition and preventing further complications.

[patient]: I’ll make sure to follow your advice.

[doctor]: If you experience any signs or symptoms of a stroke, such as sudden numbness or weakness, particularly on one side of your body, sudden confusion, trouble speaking, or severe headache, you need to seek immediate medical attention.

[patient]: I will, Doctor.

[doctor]: And if your symptoms worsen, you experience a new severe headache, or any new neurological deficits, come back to the emergency department right away.

[patient]: I understand. Thank you for all the information, Doctor.

[doctor]: You’re welcome, Maria. Do you have any questions for me?

[patient]: No, I think you’ve covered everything.

[doctor]: Alright then, take care and we’ll see you in two weeks.

[patient]: Thank you, Doctor. Bye.

[doctor]: Goodbye, Maria. Take care."
OCCLUSION AND STENOSIS OF BILATERAL CAROTID ARTERIES|"ROLE: Neurologist

1) Medical Outcome: 
   - Diagnosis: Occlusion and stenosis of bilateral carotid arteries
   - Prescribed treatment: Antiplatelet therapy
   - Medication: Aspirin 81 mg, oral, once daily, quantity: 30 tablets, duration: 1 month
   - Follow-up recommendation: Neurology follow-up in 1 month
   - Referral: Vascular surgery for possible evaluation of carotid endarterectomy or stenting, Dr. Jane Smith
   - Imaging: Doppler Ultrasound of the Carotid Arteries, MRI Angiography of the Head and Neck

2) Medical History: 
   - Previous Diagnoses: Hypertension, Hyperlipidemia
   - Family Medical History: Father with a history of coronary artery disease
   - Medication History: Currently on Lisinopril 10 mg daily for hypertension, Atorvastatin 20 mg daily for hyperlipidemia
   - Allergies: None
   - Chronic Conditions: Hypertension, Hyperlipidemia

3) Symptom Description: 
   - Severity: Mild to moderate
   - Duration: 3 months
   - Associated Symptoms: Occasional dizziness, transient episodes of weakness in the right arm, blurry vision
   - Frequency: Intermittent episodes, occurring several times a week
   - Impact on Daily Activities: Mild impact, but increasing concern and anxiety about symptoms

4) Patient’s Self-Reported Habits and Lifestyle: 
   - Sleep: Sleeps 6 hours per night, reports mild sleep disturbance due to anxiety
   - Diet: Low fruit and vegetable intake, high in saturated fats
   - Exercise: Sedentary, minimal physical activity
   - Tobacco Use: Smoked 1 pack/day for 20 years, quit 5 years ago
   - Alcohol Consumption: Consumes alcohol socially, 1-2 times per week
   - Drug Use: Denies any recreational drug use
   - Recreational Activities: None reported

5) Demographic Information: 
   - Age: 65
   - Gender: Male
   - Ethnicity: Caucasian
   - Socio-economic Status: Middle class
   - Education Level: High school graduate
   - Health Literacy: Moderate, able to understand basic health information
   - Job Status: Retired

6) Patient's Behavior: Generally cooperative with medical advice but expresses anxiety about the diagnosis

7) Geographical Location:
   - Urban area in a large city
   - Well-served by transit
   - Affluent neighborhood

8) Clinical Setting: Neurology outpatient clinic

9) Type of Encounter: Initial Consultation

10) Treatment Disparities: None reported

11) Native or Non-Native English-Speaking Patient: Native English speaker

12) Physical Exams: Neurological exam showing mild right-sided weakness and decreased sensation

13) Investigation/Test results: 
   - Doppler Ultrasound of the Carotid Arteries (awaiting results)
   - MRI Angiography of the Head and Neck (scheduled)"|"#####
**1. Subjective:**

**Chief Complaint (CC):**
Reports of occasional dizziness, transient episodes of weakness in the right arm, and blurry vision for the past 3 months.

**History of Present Illness (HPI):**
The patient is a 65-year-old Caucasian male with a history of hypertension and hyperlipidemia who presents to the neurology clinic with complaints of intermittent dizziness, transient right arm weakness, and episodes of blurry vision over the last three months. These symptoms occur several times a week and have a mild to moderate severity. The patient reports that these episodes have a mild impact on his daily activities but have been causing increasing concern and anxiety.

**Review of Systems (ROS):**
- Constitutional: No fever, weight loss, or night sweats.
- Neurological: Occasional dizziness, transient right arm weakness, blurry vision.
- Cardiovascular: No chest pain, palpitations, or shortness of breath.
- Respiratory: No cough or wheezing.
- Gastrointestinal: No nausea, vomiting, or abdominal pain.

**2. Objective:**

**Vital Signs:**
- Blood Pressure: 140/85 mmHg
- Heart Rate: 78 bpm
- Respiratory Rate: 16 breaths per minute
- Temperature: 98.6°F

**Physical Exam:**

**Neurological:**
- Mental Status: Alert and oriented to person, place, and time.
- Cranial Nerves: Intact.
- Motor: Mild right-sided weakness (4/5) in the right arm.
- Sensory: Decreased sensation in the right arm.
- Coordination: Normal finger-to-nose and heel-to-shin tests.
- Reflexes: Normal deep tendon reflexes.

**Cardiovascular:**
- Heart Sounds: Normal S1 and S2, no murmurs, gallops, or rubs.

**3. Assessment:**

**Primary Diagnosis:**
- Occlusion and stenosis of bilateral carotid arteries.

**Differential Diagnosis:**
- Transient ischemic attack (TIA)
- Carotid artery stenosis
- Vertebrobasilar insufficiency

**4. Plan:**

**Treatment:**
1. **Medication:**
   - Aspirin 81 mg orally once daily, quantity: 30 tablets, duration: 1 month.
2. **Referral:**
   - Vascular surgery for possible evaluation of carotid endarterectomy or stenting. Referral to Dr. Jane Smith.
3. **Imaging:**
   - Schedule Doppler Ultrasound of the Carotid Arteries (awaiting results).
   - Schedule MRI Angiography of the Head and Neck.

**Patient Education and Counseling:**
- Discussed the importance of antiplatelet therapy to reduce the risk of stroke.
- Explained the potential need for surgical intervention to correct carotid artery stenosis.
- Advised the patient to adopt a healthier diet rich in fruits and vegetables and to reduce intake of saturated fats.
- Encouraged increased physical activity and smoking cessation maintenance.

**Follow-Up:**
- Neurology follow-up in 1 month to review imaging results and assess the patient's response to treatment.

**Patient Agreement:**
- The patient understands and agrees with the proposed treatment plan but expresses anxiety about the diagnosis. Reassured him about the steps we are taking to manage his condition and invited him to ask questions at any time."|"#####
**1. Subjective:**

**Chief Complaint (CC):**
Reports of occasional dizziness, transient episodes of weakness in the right arm, and blurry vision for the past 3 months.

**History of Present Illness (HPI):**
The patient is a 65-year-old Caucasian male with a history of hypertension and hyperlipidemia who presents to the neurology clinic with complaints of intermittent dizziness, transient right arm weakness, and episodes of blurry vision over the last three months. These symptoms occur several times a week and have a mild to moderate severity. The patient reports that these episodes have a mild impact on his daily activities but have been causing increasing concern and anxiety.

**Review of Systems (ROS):**
- Constitutional: No fever, weight loss, or night sweats.
- Neurological: Occasional dizziness, transient right arm weakness, blurry vision.
- Cardiovascular: No chest pain, palpitations, or shortness of breath.
- Respiratory: No cough or wheezing.
- Gastrointestinal: No nausea, vomiting, or abdominal pain.

**2. Objective:**

**Vital Signs:**
- Blood Pressure: 140/85 mmHg
- Heart Rate: 78 bpm
- Respiratory Rate: 16 breaths per minute
- Temperature: 98.6°F

**Physical Exam:**

**Neurological:**
- Mental Status: Alert and oriented to person, place, and time.
- Cranial Nerves: Intact.
- Motor: Mild right-sided weakness (4/5) in the right arm.
- Sensory: Decreased sensation in the right arm.
- Coordination: Normal finger-to-nose and heel-to-shin tests.
- Reflexes: Normal deep tendon reflexes.

**Cardiovascular:**
- Heart Sounds: Normal S1 and S2, no murmurs, gallops, or rubs.

**3. Assessment:**

**Primary Diagnosis:**
- Occlusion and stenosis of bilateral carotid arteries.

**Differential Diagnosis:**
- Transient ischemic attack (TIA)
- Carotid artery stenosis
- Vertebrobasilar insufficiency

**4. Plan:**

**Treatment:**
1. **Medication:**
   - Aspirin 81 mg orally once daily, quantity: 30 tablets, duration: 1 month.
2. **Referral:**
   - Vascular surgery for possible evaluation of carotid endarterectomy or stenting. Referral to Dr. Jane Smith.
3. **Imaging:**
   - Schedule Doppler Ultrasound of the Carotid Arteries.
   - Schedule MRI Angiography of the Head and Neck.

**Patient Education and Counseling:**
- Discussed the importance of antiplatelet therapy to reduce the risk of stroke.
- Explained the potential need for surgical intervention to correct carotid artery stenosis.
- Advised the patient to adopt a healthier diet rich in fruits and vegetables and to reduce intake of saturated fats.
- Encouraged increased physical activity and smoking cessation maintenance.

**Follow-Up:**
- Neurology follow-up in 1 month to review imaging results and assess the patient's response to treatment.

**Patient Agreement:**
- The patient understands and agrees with the proposed treatment plan but expresses anxiety about the diagnosis. Reassured him about the steps we are taking to manage his condition and invited him to ask questions at any time."|"#####
**1. Subjective:**

**CC:**
Reports of occasional dizziness, transient episodes of weakness in the R arm, and blurry vision for the past 3 months.

**HPI:**
The pt is a 65 y/o Caucasian M with a hx of HTN and HLD who presents to the neuro clinic with c/o intermittent dizziness, transient R arm weakness, and episodes of blurry vision over the last 3 mos. These sx occur several times a week and have a mild to moderate severity. The pt reports that these episodes have a mild impact on his ADLs but have been causing increasing concern and anxiety.

**ROS:**
- Constitutional: No fever, weight loss, or night sweats.
- Neuro: Occasional dizziness, transient R arm weakness, blurry vision.
- CV: No CP, palpitations, or SOB.
- Resp: No cough or wheezing.
- GI: No N/V or abd pain.

**2. Objective:**

**VS:**
- BP: 140/85 mmHg
- HR: 78 bpm
- RR: 16 bpm
- Temp: 98.6°F

**PE:**

**Neuro:**
- MS: A&O x3.
- CN: Intact.
- Motor: Mild R-sided weakness (4/5) in the R arm.
- Sensory: Decreased sensation in the R arm.
- Coordination: Normal F2N and H2S tests.
- Reflexes: Normal DTRs.

**CV:**
- Heart Sounds: Normal S1 and S2, no murmurs, gallops, or rubs.

**3. Assessment:**

**Primary Dx:**
- Occlusion and stenosis of bilateral carotid arteries.

**Differential Dx:**
- TIA
- Carotid artery stenosis
- Vertebrobasilar insufficiency

**4. Plan:**

**Tx:**
1. **Meds:**
   - ASA 81 mg PO QD, qty: 30 tabs, duration: 1 mo.
2. **Referral:**
   - Vascular surgery for possible eval of carotid endarterectomy or stenting. Referral to Dr. Jane Smith.
3. **Imaging:**
   - Schedule Doppler US of the Carotid Arteries.
   - Schedule MRA of the Head and Neck.

**Pt Education and Counseling:**
- Discussed the importance of antiplatelet therapy to reduce the risk of CVA.
- Explained the potential need for surgical intervention to correct carotid artery stenosis.
- Advised the pt to adopt a healthier diet rich in fruits and vegetables and to reduce intake of saturated fats.
- Encouraged increased physical activity and smoking cessation maintenance.

**F/U:**
- Neuro F/U in 1 mo to review imaging results and assess the pt's response to tx.

**Pt Agreement:**
- The pt understands and agrees with the proposed tx plan but expresses anxiety about the dx. Reassured him about the steps we are taking to manage his condition and invited him to ask questions at any time."|Neurologist|"**Doctor:** Hi there, how are you doing today?

**Patient:** Hi, Doctor. I'm alright, I guess. I've been having some issues that are starting to worry me.

**Doctor:** I'm sorry to hear that. Can you tell me more about what's been going on?

**Patient:** Sure. I've been experiencing occasional dizziness and some weakness in my right arm. I've also had episodes of blurry vision over the past three months.

**Doctor:** Okay, I see. How often do these symptoms occur?

**Patient:** They happen several times a week. 

**Doctor:** And how severe are these episodes? Would you say mild, moderate, or severe?

**Patient:** Mostly mild to moderate, but it's enough to get me pretty concerned.

**Doctor:** I understand. Do these symptoms have any impact on your daily activities?

**Patient:** Yes, they do. It's mild, but it's definitely causing me some anxiety.

**Doctor:** Alright, let’s go through a quick review of your systems to make sure we cover everything. Have you had any fever, weight loss, or night sweats?

**Patient:** No, none of those.

**Doctor:** How about any chest pain, palpitations, or shortness of breath?

**Patient:** No, my heart seems fine.

**Doctor:** Any cough or wheezing?

**Patient:** No, I haven't noticed any issues with my lungs.

**Doctor:** And any nausea, vomiting, or abdominal pain?

**Patient:** No, my stomach's been okay.

**Doctor:** Alright, thank you for that. Now let's focus on your neurological symptoms. You mentioned dizziness, right arm weakness, and blurry vision. Is that correct?

**Patient:** Yes, that's right.

**Doctor:** Have you had any previous episodes like this before the last three months?

**Patient:** No, this is the first time I've experienced something like this.

**Doctor:** Hmm, okay. Let's talk about your medical history. Do you have any history of hypertension or hyperlipidemia?

**Patient:** Yes, I've had high blood pressure and high cholesterol for years.

**Doctor:** Are you currently on any medication for those conditions?

**Patient:** Yes, I've been taking medication for both.

**Doctor:** Great, thank you for that information. I will now proceed with a physical examination. Let me start with your vitals. Your blood pressure today is 140/85 mmHg, your heart rate is 78 beats per minute, respiratory rate is 16 breaths per minute, and your temperature is 98.6°F.

**Patient:** Okay.

**Doctor:** Now, let’s check your neurological status. You’re alert and oriented to person, place, and time. Your cranial nerves appear intact. Let me test your motor strength. Can you raise your right arm for me?

**Patient:** Sure. (Attempts to raise arm)

**Doctor:** I notice some mild weakness on your right side. It’s about 4 out of 5. How about sensation? Can you feel this?

**Patient:** It feels a bit numb.

**Doctor:** Okay, decreased sensation in the right arm. Let’s check your coordination. Can you touch your nose and then my finger?

**Patient:** (Performs test)

**Doctor:** Good. Your coordination is normal. Now, let's check your reflexes. (Tests reflexes)

**Patient:** (Reflexes tested)

**Doctor:** Your deep tendon reflexes are normal. Now for your cardiovascular exam – your heart sounds are normal with no murmurs, gallops, or rubs.

**Patient:** Alright.

**Doctor:** Based on your symptoms and exam, I suspect you might have occlusion and stenosis of the bilateral carotid arteries. This could be causing transient ischemic attacks, carotid artery stenosis, or vertebrobasilar insufficiency.

**Patient:** That sounds serious. What does that mean?

**Doctor:** It means there might be a narrowing or blockage in the arteries that supply blood to your brain, which could be causing your symptoms. We need to take further steps to confirm this and manage it effectively.

**Patient:** Okay, what are the next steps?

**Doctor:** First, I’m going to start you on aspirin, 81 mg once daily, to help reduce the risk of stroke. I’ll give you a prescription for 30 tablets for one month.

**Patient:** Alright.

**Doctor:** I’m also referring you to Dr. Jane Smith in vascular surgery for a possible evaluation of carotid endarterectomy or stenting. These are procedures that can help open up the narrowed arteries.

**Patient:** That sounds a bit scary.

**Doctor:** I understand your concern, but it's important to address this to prevent more serious complications. We will also schedule a Doppler ultrasound of your carotid arteries and an MRI angiography of your head and neck to get a clearer picture of what's going on.

**Patient:** Okay, I see.

**Doctor:** It's crucial to understand the importance of antiplatelet therapy like aspirin to reduce the risk of stroke. Also, we might need surgical intervention to correct the carotid artery stenosis, depending on the imaging results.

**Patient:** Got it.

**Doctor:** I also want you to adopt a healthier diet rich in fruits and vegetables and reduce your intake of saturated fats. Increasing your physical activity and continuing to avoid smoking will also help manage your condition.

**Patient:** I’ll do my best.

**Doctor:** Great. We’ll follow up in one month to review your imaging results and assess your response to the treatment. Does that sound alright?

**Patient:** Yes, that sounds good.

**Doctor:** Do you have any other questions or concerns?

**Patient:** I’m just really anxious about all of this.

**Doctor:** I understand. It's normal to feel anxious, but we are taking all the necessary steps to manage your condition effectively. If you have any questions or concerns at any time, please feel free to reach out.

**Patient:** Thank you, Doctor. That’s reassuring.

**Doctor:** You’re welcome. We’re here to help you every step of the way. I’ll see you in a month for your follow-up. Take care and try to stay positive.

**Patient:** Thank you. I’ll do my best.

**Doctor:** Alright, take care and see you soon.

**Patient:** Thanks again, Doctor.

**Doctor:** You’re welcome. Goodbye."|"**Doctor:** Hi there, how are you doing today?

**Patient:** Hi, Doctor. I'm alright, I guess. I've been having some issues that are starting to worry me.

**Doctor:** I'm sorry to hear that. Can you tell me more about what's been going on?

**Patient:** Sure. I've been experiencing occasional dizziness and some weakness in my right arm. I've also had episodes of blurry vision over the past three months.

**Doctor:** Hmm, okay. How often do these symptoms occur?

**Patient:** They happen several times a week. 

**Doctor:** And how severe are these episodes? Would you say mild, moderate, or severe?

**Patient:** Mostly mild to moderate, but it's enough to get me pretty concerned.

**Doctor:** I understand. Do these symptoms have any impact on your daily activities?

**Patient:** Yes, they do. It's mild, but it's definitely causing me some anxiety.

**Doctor:** Alright, let’s go through a quick review of your systems to make sure we cover everything. Have you had any fever, weight loss, or night sweats?

**Patient:** No, none of those.

**Doctor:** How about any chest pain, palpitations, or shortness of breath?

**Patient:** No, my heart seems fine.

**Doctor:** Any cough or wheezing?

**Patient:** No, I haven't noticed any issues with my lungs.

**Doctor:** And any nausea, vomiting, or abdominal pain?

**Patient:** No, my stomach's been okay.

**Doctor:** Alright, thank you for that. Now let's focus on your neurological symptoms. You mentioned dizziness, right arm weakness, and blurry vision. Is that correct?

**Patient:** Yes, that's right.

**Doctor:** Have you had any previous episodes like this before the last three months?

**Patient:** No, this is the first time I've experienced something like this.

**Doctor:** Hmm, okay. Let's talk about your medical history. Do you have any history of hypertension or hyperlipidemia?

**Patient:** Yes, I've had high blood pressure and high cholesterol for years.

**Doctor:** Are you currently on any medication for those conditions?

**Patient:** Yes, I've been taking medication for both.

**Doctor:** Great, thank you for that information. I will now proceed with a physical examination. Let me start with your vitals. Your blood pressure today is 140/85 mmHg, your heart rate is 78 beats per minute, respiratory rate is 16 breaths per minute, and your temperature is 98.6°F.

**Patient:** Okay.

**Doctor:** Now, let’s check your neurological status. You’re alert and oriented to person, place, and time. Your cranial nerves appear intact. Let me test your motor strength. Can you raise your right arm for me?

**Patient:** Sure. (Attempts to raise arm)

**Doctor:** I notice some mild weakness on your right side. It’s about 4 out of 5. How about sensation? Can you feel this?

**Patient:** It feels a bit numb.

**Doctor:** Okay, decreased sensation in the right arm. Let’s check your coordination. Can you touch your nose and then my finger?

**Patient:** (Performs test)

**Doctor:** Good. Your coordination is normal. Now, let's check your reflexes. (Tests reflexes)

**Patient:** (Reflexes tested)

**Doctor:** Your deep tendon reflexes are normal. Now for your cardiovascular exam – your heart sounds are normal with no murmurs, gallops, or rubs.

**Patient:** Alright.

**Doctor:** Based on your symptoms and exam, I suspect you might have occlusion and stenosis of the bilateral carotid arteries. This could be causing transient ischemic attacks, carotid artery stenosis, or vertebrobasilar insufficiency.

**Patient:** That sounds serious. What does that mean?

**Doctor:** It means there might be a narrowing or blockage in the arteries that supply blood to your brain, which could be causing your symptoms. We need to take further steps to confirm this and manage it effectively.

**Patient:** Okay, what are the next steps?

**Doctor:** First, I’m going to start you on aspirin, 81 mg once daily, to help reduce the risk of stroke. I’ll give you a prescription for 30 tablets for one month.

**Patient:** Alright.

**Doctor:** I’m also referring you to Dr. Jane Smith in vascular surgery for a possible evaluation of carotid endarterectomy or stenting. These are procedures that can help open up the narrowed arteries.

**Patient:** That sounds a bit scary.

**Doctor:** I understand your concern, but it's important to address this to prevent more serious complications. We will also schedule a Doppler ultrasound of your carotid arteries and an MRI angiography of your head and neck to get a clearer picture of what's going on.

**Patient:** Okay, I see.

**Doctor:** It's crucial to understand the importance of antiplatelet therapy like aspirin to reduce the risk of stroke. Also, we might need surgical intervention to correct the carotid artery stenosis, depending on the imaging results.

**Patient:** Got it.

**Doctor:** I also want you to adopt a healthier diet rich in fruits and vegetables and reduce your intake of saturated fats. Increasing your physical activity and continuing to avoid smoking will also help manage your condition.

**Patient:** I’ll do my best.

**Doctor:** Great. We’ll follow up in one month to review your imaging results and assess your response to the treatment. Does that sound alright?

**Patient:** Yes, that sounds good.

**Doctor:** Do you have any other questions or concerns?

**Patient:** I’m just really anxious about all of this.

**Doctor:** I understand. It's normal to feel anxious, but we are taking all the necessary steps to manage your condition effectively. If you have any questions or concerns at any time, please feel free to reach out.

**Patient:** Thank you, Doctor. That’s reassuring.

**Doctor:** You’re welcome. We’re here to help you every step of the way. I’ll see you in a month for your follow-up. Take care and try to stay positive.

**Patient:** Thank you. I’ll do my best.

**Doctor:** Alright, take care and see you soon.

**Patient:** Thanks again, Doctor.

**Doctor:** You’re welcome. Goodbye."
OCCLUSION AND STENOSIS OF BILATERAL CAROTID ARTERIES|"ROLE: Vascular Surgeon

Patient’s Demographic Information:
- Age: 65
- Gender: Male
- Ethnicity: Caucasian
- Socio-economic Status: Middle-income
- Education Level: College educated
- Health Literacy: High
- Job Status: Retired

Patient's Medical History:
- Previous Diagnoses: Hypertension, Hyperlipidemia, Type 2 Diabetes Mellitus
- Family Medical History: Father had a stroke at age 70, mother had coronary artery disease
- Medication History: Currently taking Atorvastatin, Metformin, Lisinopril
- Allergies: Penicillin
- Chronic Conditions: Hypertension, Hyperlipidemia, Type 2 Diabetes Mellitus

Clinical Setting:
- Type of Encounter: Initial Consultation
- Clinical Setting: Hospital Clinic

Patient’s self-reported habits and lifestyle:
- Sleep: 6-7 hours per night, reports insomnia occasionally
- Diet: Balanced diet, avoids fatty foods
- Exercise: Walks 30 minutes daily
- Tobacco Use: Former smoker, quit 5 years ago (20 pack-year history)
- Alcohol Consumption: Social drinker, 1-2 drinks per week
- Drug Use: Denies any recreational drug use 
- Recreational Activities: Enjoys fishing and reading

Symptom Description:
- Severity: Severe, intermittent dizziness and episodes of transient ischemic attacks (TIAs)
- Duration: Past 3 months
- Associated Symptoms: Headaches, facial drooping on the left side during TIAs, temporary loss of vision in the right eye
- Frequency: Dizziness occurs 2-3 times a week, TIAs have occurred twice in the last month
- Impact on Daily Activities: Limited ability to perform daily activities due to dizziness and fear of stroke

Patient's Behavior: Highly cooperative and compliant with medical advice

Geographical Location:
- Urban area, big city
- Neighborhood Type: Well-served by transit, access to healthcare facilities

Treatment Disparities: No apparent treatment disparities

Native or Non-Native English Speaking Patient: Native English Speaker

Physical exams:
- Neurological exam: Slight weakness in the right hand grip, decreased sensation on left side of the face during episode
- Cardiovascular exam: Carotid bruit noted bilaterally

Medical Outcome:
- Diagnosis: Occlusion and stenosis of bilateral carotid arteries
- Prescribed Treatment: Carotid endarterectomy for the left side initially, followed by the right side in a secondary procedure
- Blood Work: Complete blood count (CBC), Basic Metabolic Panel (BMP), Lipid Panel, Hemoglobin A1c to assess diabetes control
- Imaging Orders: Doppler ultrasound of carotid arteries, Magnetic Resonance Angiography (MRA) of the head and neck to determine the extent of stenosis
- Medication Adjustment: Increase Atorvastatin dose to 80 mg once daily, continue current medications (Metformin and Lisinopril)
- Follow-up Recommendations: Post-surgery follow-up in 2 weeks for wound check, regular follow-ups for diabetes and hypertension management"|Rejected|Rejected|Rejected|Rejected||
OCCLUSION AND STENOSIS OF BILATERAL CAROTID ARTERIES|"ROLE: Neurologist

Patient’s Demographic Information:
- Age: 54
- Gender: Female
- Ethnicity: African American
- Socio-economic Status: Low-income
- Education Level: High school graduate
- Health Literacy: Moderate
- Job Status: Unemployed

Patient's Medical History:
- Previous Diagnoses: Asthma, Chronic Obstructive Pulmonary Disease (COPD)
- Family Medical History: Sister had a stroke at age 60, mother has hypertension
- Medication History: Currently taking Albuterol, Fluticasone
- Allergies: Sulfa drugs
- Chronic Conditions: Asthma, COPD

Clinical Setting:
- Type of Encounter: Emergency Visit
- Clinical Setting: Emergency Department

Patient’s self-reported habits and lifestyle:
- Sleep: Reports difficulty sleeping due to shortness of breath
- Diet: Reports poor diet, often fast food due to financial constraints
- Exercise: Rarely exercises, limited by respiratory issues
- Tobacco Use: Current smoker, smokes 1 pack per day for the last 35 years
- Alcohol Consumption: Consumes alcohol occasionally, 1-2 drinks per month
- Drug Use: Denies any recreational drug use 
- Recreational Activities: Enjoys watching TV and knitting

Symptom Description:
- Severity: Moderate to severe dizziness, nearly fainting
- Duration: Past 2 weeks
- Associated Symptoms: Shortness of breath, palpitations, left-sided weakness
- Frequency: Dizziness occurs daily, nearly fainted twice in the past week
- Impact on Daily Activities: Unable to leave house without assistance due to fear of symptoms

Patient's Behavior: Anxious but willing to follow medical advice

Geographical Location:
- Urban area, small city
- Neighborhood Type: Impoverished, limited access to healthcare facilities

Treatment Disparities: Financial constraints may limit access to follow-up care

Native or Non-Native English Speaking Patient: Native English Speaker

Physical exams:
- Neurological exam: Weakness in left arm and leg, decreased sensation on the left side
- Cardiovascular exam: Irregular heartbeat, carotid bruit noted on the right side

Medical Outcome:
- Diagnosis: Occlusion and stenosis of bilateral carotid arteries
- Prescribed Treatment: Urgent referral to vascular surgery for evaluation of potential need for carotid endarterectomy or stenting
- Blood Work: Complete blood count (CBC), Basic Metabolic Panel (BMP), Lipid Panel, Hemoglobin A1c to assess diabetes control
- Imaging Orders: Doppler ultrasound of carotid arteries, Computed Tomography Angiography (CTA) of the head and neck to determine the extent of stenosis
- Medication Adjustment: Start Aspirin 81 mg daily, continue Albuterol and Fluticasone for COPD
- Follow-up Recommendations: Immediate consultation with vascular surgery, follow-up in primary care in 1 week for further management"|Rejected|Rejected|Rejected|Rejected||
OCCLUSION AND STENOSIS OF BILATERAL CAROTID ARTERIES|"ROLE: Neurologist

Patient’s Demographic Information:
- Age: 59
- Gender: Male
- Ethnicity: Hispanic
- Socio-economic Status: Middle-income
- Education Level: Some college
- Health Literacy: Moderate
- Job Status: Construction worker

Patient's Medical History:
- Previous Diagnoses: Hypertension, Chronic Kidney Disease (Stage 3)
- Family Medical History: Father had a myocardial infarction at age 65, brother has diabetes
- Medication History: Currently taking Lisinopril, Amlodipine, Erythropoietin
- Allergies: Non-steroidal anti-inflammatory drugs (NSAIDs)
- Chronic Conditions: Hypertension, Chronic Kidney Disease

Clinical Setting:
- Type of Encounter: Follow-up Visit
- Clinical Setting: Private Clinic

Patient’s self-reported habits and lifestyle:
- Sleep: Reports poor sleep due to frequent urination at night
- Diet: Moderate diet, identifies a recent increase in salty foods
- Exercise: Limited to light activities due to fatigue
- Tobacco Use: Never smoked
- Alcohol Consumption: Drinks beer socially, approximately 4-5 drinks a week
- Drug Use: Denies any recreational drug use
- Recreational Activities: Enjoys gardening and playing chess

Symptom Description:
- Severity: Moderate dizziness and fatigue
- Duration: Past 1 month
- Associated Symptoms: Swelling in legs, headaches
- Frequency: Symptoms occur almost daily
- Impact on Daily Activities: Difficulty performing job tasks due to dizziness and fatigue

Patient's Behavior: Generally compliant but occasionally skips medication

Geographical Location:
- Urban area, big city
- Neighborhood Type: Mixed-income, moderate access to healthcare facilities

Treatment Disparities: Potential for overlooked referrals due to insurance limitations

Native or Non-Native English Speaking Patient: Non-Native English Speaker

Physical exams:
- Neurological exam: Mild ataxia, decreased reflexes in lower extremities
- Cardiovascular exam: No carotid bruit, mild edema in lower extremities

Medical Outcome:
- Diagnosis: Occlusion and stenosis of bilateral carotid arteries
- Prescribed Treatment: Referral to vascular specialist for assessment of possible carotid endarterectomy
- Blood Work: Complete blood count (CBC), Comprehensive Metabolic Panel (CMP), B-type natriuretic peptide (BNP) to assess cardiac function
- Imaging Orders: Magnetic Resonance Imaging (MRI) of the brain to evaluate potential ischemic changes
- Medication Adjustment: Start Clopidogrel 75 mg daily and reduce sodium intake
- Follow-up Recommendations: Follow up with vascular specialist within a week and return to primary care for kidney function assessment in 2 weeks"|Rejected|Rejected|Rejected|Rejected||
OCCLUSION AND STENOSIS OF BILATERAL CAROTID ARTERIES|"ROLE: Vascular Surgeon

DEMOGRAPHIC INFORMATION
- Age: 68
- Gender: Male
- Ethnicity: Caucasian
- Socio-economic Status: Middle-class
- Education Level: High school graduate
- Health Literacy: Moderate
- Job Status: Retired

CLINICAL SETTING
- Specialty Clinic (Vascular Surgery)

TYPE OF ENCOUNTER
- Initial Consultation

GEOGRAPHICAL LOCATION
- Urban 
- Big City
- Well-served by Transit

CHIEF COMPLAINT
- Dizziness and Transient Ischemic Attacks (TIAs)

SYMPTOM DESCRIPTION
- Severity: Moderate
- Duration: 3 months
- Associated Symptoms: Headaches, blurred vision, and difficulty speaking
- Frequency: Intermittent, several times a week
- Impact on Daily Activities: Patient reports difficulty walking and performing daily chores

MEDICAL HISTORY
- Previous Diagnoses: Hypertension, Hyperlipidemia
- Family Medical History: Father deceased from stroke, mother with history of coronary artery disease
- Medication History: Hydrochlorothiazide 25 mg oral daily, Atorvastatin 20 mg oral daily
- Allergies: Penicillin
- Chronic Conditions: Hypertension, Hyperlipidemia

PATIENT’S SELF-REPORTED HABITS AND LIFESTYLE
- Sleep: 5-6 hours per night, often disturbed by headaches
- Diet: High in sodium and fat, low in fruits and vegetables
- Exercise: Sedentary lifestyle, limited physical activity
- Tobacco Use: Smoked 1 pack/day for 40 years, quit 5 years ago
- Alcohol Consumption: 2-3 beers per week
- Drug Use: Denies any drug use
- Recreational Activities: Limited due to symptoms

PATIENT'S BEHAVIOR
- Patient is cooperative but appears anxious about the symptoms and potential diagnosis

PHYSICAL EXAMS
- Blood Pressure: 150/95 mmHg
- Heart Rate: 88 bpm
- Neck: Bilateral carotid bruits auscultated
- Neurologic: Mild right-sided weakness, difficulty with speech

INVESTIGATION/TEST RESULTS
- Duplex Ultrasound: Bilateral high-grade stenosis of internal carotid arteries (90-99%)
- Awaiting: Carotid Angiography to evaluate the extent of stenosis

MEDICAL OUTCOME
- Diagnosis: Occlusion and Stenosis of Bilateral Carotid Arteries (ICD-10: I65.23)
- Prescribed Treatment: 
  - Aspirin 81 mg oral daily
  - Clopidogrel 75 mg oral daily
- Follow-up Recommendations: Scheduled follow-up visit in 1 week to review carotid angiography results
- Referral to Specialists:
  - Referral to Neurologist Dr. Emily Smith for further evaluation of TIAs
- Referral to Further Tests/Imaging: 
  - Order for Carotid Angiography to assess the full scope of the blockage
- Lifestyle Change:
  - Diet: Recommended a low-sodium, low-fat diet rich in fruits and vegetables
  - Exercise: Advised to begin a supervised walking program
  - Tobacco Use: Continue abstaining from smoking
  - Alcohol Use: Limit alcohol intake to no more than 1 drink per day"|Rejected|Rejected|Rejected|Rejected||
OCCLUSION AND STENOSIS OF BILATERAL CAROTID ARTERIES|"ROLE: Neurologist

DEMOGRAPHIC INFORMATION
- Age: 52
- Gender: Female
- Ethnicity: Hispanic
- Socio-economic Status: Lower-middle class
- Education Level: Some college, no degree
- Health Literacy: Low
- Job Status: Part-time waitress

CLINICAL SETTING
- Urgent Care Center

TYPE OF ENCOUNTER
- Emergency Visit

GEOGRAPHICAL LOCATION
- Small City
- Urban
- Moderate pollution and access to healthcare services

CHIEF COMPLAINT
- Sudden numbness and weakness on the right side of the body

SYMPTOM DESCRIPTION
- Severity: Severe
- Duration: Onset 2 hours ago
- Associated Symptoms: Slurred speech, difficulty swallowing, facial drooping
- Frequency: First occurrence
- Impact on Daily Activities: Patient cannot perform basic self-care tasks

MEDICAL HISTORY
- Previous Diagnoses: Type 2 Diabetes, Hypertension
- Family Medical History: Mother with history of stroke, father with hypertension
- Medication History: Metformin 500 mg oral BID, Lisinopril 20 mg oral daily
- Allergies: None known
- Chronic Conditions: Type 2 Diabetes, Hypertension

PATIENT’S SELF-REPORTED HABITS AND LIFESTYLE
- Sleep: 4-5 hours per night, frequent interruptions due to discomfort
- Diet: High in processed foods, low in fresh produce
- Exercise: Minimal, due to fatigue and leg pain
- Tobacco Use: Smokes 1/2 pack/day for 30 years
- Alcohol Consumption: Occasional social drinking, 1-2 drinks/month
- Drug Use: Denies illicit drug use
- Recreational Activities: Limited, mostly watching TV

PATIENT'S BEHAVIOR
- Patient is cooperative but visibly distressed and scared about symptoms

TREATMENT DISPARITIES
- Patient appears to have delayed seeking medical care due to financial concerns and lack of awareness about the severity of symptoms

PHYSICAL EXAMS
- Blood Pressure: 170/100 mmHg
- Heart Rate: 94 bpm
- Neurologic: Mild right-sided weakness, facial asymmetry, slurred speech, positive pronator drift test

INVESTIGATION/TEST RESULTS
- CT Scan (awaiting results): Head, to rule out acute hemorrhage

MEDICAL OUTCOME
- Diagnosis: Occlusion and Stenosis of Bilateral Carotid Arteries (ICD-10: I65.23)
- Prescribed Treatment: 
  - Aspirin 81 mg oral immediately
  - Clopidogrel 75 mg oral immediately
- Follow-up Recommendations: Referral to inpatient admission for full evaluation and monitoring
- Referral to Specialists:
  - Referral to Vascular Surgeon Dr. John Martin for potential surgical intervention
  - Referral to Speech Therapist for assessment and management of speech difficulties
- Referral to Further Tests/Imaging: 
  - Order for Carotid Ultrasound to assess degree of stenosis
- Lifestyle Change:
  - Diet: Referral to a dietitian for diabetes and hypertension management
  - Exercise: Gradual increase in activity as tolerated, under supervision
  - Tobacco Use: Strongly advised to quit, referral to smoking cessation program
  - Alcohol Use: Limit to no more than one drink per week
"|Rejected|Rejected|Rejected|Rejected||
OCCLUSION AND STENOSIS OF BILATERAL CAROTID ARTERIES|"ROLE: Neurologist

DEMOGRAPHIC INFORMATION
- Age: 58
- Gender: Male
- Ethnicity: African American
- Socio-economic Status: Middle-class
- Education Level: Bachelor's degree
- Health Literacy: High
- Job Status: Office Manager

CLINICAL SETTING
- Private Practice

TYPE OF ENCOUNTER
- Follow-up Visit

GEOGRAPHICAL LOCATION
- Large City
- Urban
- Affluent Neighborhood

CHIEF COMPLAINT
- Continuous, severe headaches

SYMPTOM DESCRIPTION
- Severity: Severe
- Duration: Persistent for 2 months
- Associated Symptoms: Intermittent dizziness, blurred vision, difficulty maintaining focus at work, mild memory loss
- Frequency: Daily
- Impact on Daily Activities: Difficulty performing job responsibilities, decreased social interactions

MEDICAL HISTORY
- Previous Diagnoses: Hypertension, Type 2 Diabetes, Chronic Migraines
- Family Medical History: Mother has hypertension, father had a stroke
- Medication History: Metformin 500 mg oral BID, Lisinopril 20 mg oral daily, Sumatriptan 100 mg oral PRN for migraines
- Allergies: None
- Chronic Conditions: Hypertension, Type 2 Diabetes, Chronic Migraines

PATIENT’S SELF-REPORTED HABITS AND LIFESTYLE
- Sleep: 5-6 hours per night, restless
- Diet: Balanced diet, but reports recent increase in fast food due to busy schedule
- Exercise: Regular exercise, walking 3 times a week
- Tobacco Use: Never smoked
- Alcohol Consumption: Moderate, 1-2 glasses of wine per week
- Drug Use: Denies illicit drug use
- Recreational Activities: Enjoys reading and going to the theater but recently decreased participation due to symptoms

PATIENT'S BEHAVIOR
- Patient is cooperative but frustrated and anxious about the chronicity of symptoms

PHYSICAL EXAMS
- Neurologic: Normal motor and sensory function, cranial nerves intact, mild nystagmus noted

INVESTIGATION/TEST RESULTS
- MRI of the brain (awaiting results): To rule out any structural abnormalities or tumors

MEDICAL OUTCOME
- Diagnosis: Occlusion and Stenosis of Bilateral Carotid Arteries (ICD-10: I65.23)
- Prescribed Treatment: 
  - Aspirin 81 mg oral daily
  - Clopidogrel 75 mg oral daily
- Follow-up Recommendations: Scheduled follow-up visit in 2 weeks to review MRI results
- Referral to Specialists:
  - Referral to Vascular Surgeon Dr. Miranda Clark for further evaluation and potential intervention
  - Referral to Neurologist Dr. Brian Shaw for a comprehensive migraine management plan
- Referral to Further Tests/Imaging: 
  - Order for Carotid Ultrasound to evaluate the extent of stenosis
- Lifestyle Change:
  - Diet: Reduce fast food intake, incorporate more vegetables and whole grains
  - Exercise: Continue regular walking, consider adding low-impact aerobic exercises
  - Alcohol Use: Maintain current moderate intake"|Rejected|Rejected|Rejected|Rejected||
OCCLUSION AND STENOSIS OF BILATERAL CAROTID ARTERIES|"ROLE: Neurologist

**1) Medical Outcome:**
   - Diagnosis: Occlusion and Stenosis of Bilateral Carotid Arteries
   - Prescribed Treatment: Aspirin 81 mg, oral, once daily
   - Referral to Specialists: Vascular Surgeon, Dr. John Smith, for potential surgical intervention
   - Referral to Further Tests: Carotid Doppler Ultrasound
   - Follow-up Recommendations: Follow-up appointment in 1 month for reassessment

**2) Medical History:**
   - Previous Diagnoses: Hypertension, Hyperlipidemia
   - Family Medical History: Father had a stroke at 65, mother has hypertension
   - Medication History: Lisinopril 20 mg daily, Atorvastatin 40 mg daily
   - Allergies: None
   - Chronic Conditions: Hypertension, Hyperlipidemia

**3) Symptom Description:**
   - Severity: Moderate
   - Duration: 3 months
   - Associated Symptoms: Occasional dizziness, transient blurred vision
   - Frequency: Intermittent
   - Impact on Daily Activities: Limited ability to perform tasks requiring prolonged standing or walking

**4) Patient’s self-reported habits and lifestyle:**
   - Sleep: 6-7 hours per night, occasional insomnia
   - Diet: High in processed foods, low in fruits and vegetables
   - Exercise: Rarely exercises, sedentary lifestyle
   - Tobacco Use: Smokes 1 pack of cigarettes per day for the past 20 years
   - Alcohol Consumption: Drinks occasionally, 1-2 times a month
   - Drug Use: Denies any illicit drug use
   - Recreational Activities: None reported

**5) Demographic Information:**
   - Age: 68
   - Gender: Male
   - Ethnicity: Caucasian
   - Socio-economic Status: Middle class
   - Education Level: High school graduate
   - Health Literacy: Moderate understanding of medical terms and conditions
   - Job Status: Retired

**6) Patient's Behavior:**
   - Cooperation Level: Moderately cooperative, occasionally forgets to take medication

**7) Geographical Location:**
   - Big City vs. Small City: Resides in a big city
   - Pollution and Environmental Health Risks: High pollution area
   - Neighborhood Type: Suburban, well-served by public transit

**8) Clinical Setting:**
   - Specialty Clinics

**9) Type of Encounter:**
   - Initial Consultation

**10) Treatment Disparities:**
   - None reported

**11) Native or Non-Native English Speaking Patient:**
   - Native English-speaking

**12) Physical exams:**
   - Cardiovascular: Carotid bruits detected bilaterally
   - Neurological: Motor and sensory functions are within normal limits; no focal neurological deficits

**13) Investigation/Test results:**
   - Awaiting Carotid Doppler Ultrasound results"|Rejected|Rejected|Rejected|Rejected||
