Disease Description|Scenario|Note|Polished Note|Abbreviated Note|Role
ACUTE SEROUS OTITIS MEDIA, BILATERAL|"ROLE: Family Medicine Physician

**SCENARIO**

**1) Medical Outcome:**
   - Diagnosis: Acute Serous Otitis Media, Bilateral
   - Prescribed Treatment: 
     - Amoxicillin 500 mg, oral, twice a day for 10 days, Quantity: 20 tablets
   - Follow-up Recommendations: Follow-up appointment in 1 week to assess improvement
   - Referral to Specialists: Refer to ENT specialist, Dr. John Smith, for further evaluation if no improvement in symptoms after 1 week
   - Lifestyle Change: Advice to avoid swimming and getting water in the ears

**2) Medical History:**
   - Previous Diagnoses: Recurrent sinusitis, seasonal allergic rhinitis
   - Family Medical History: Father with history of chronic sinusitis, Mother with history of allergic rhinitis
   - Medication History: Previously prescribed nasal corticosteroids for allergic rhinitis
   - Allergies: Penicillin allergy (none)

**3) Symptom Description:**
   - Severity: Moderate ear pain
   - Duration: Symptoms have been present for 3 days
   - Associated Symptoms: Fullness in both ears, decreased hearing, mild fever
   - Frequency: Constant ear discomfort
   - Impact on Daily Activities: Difficulty concentrating at work, unable to sleep well due to pain

**4) Patient’s self-reported habits and lifestyle:**
   - Sleep: Poor, disrupted by ear pain
   - Diet: Balanced diet
   - Exercise: Occasionally jogs
   - Tobacco Use: N/A
   - Alcohol Consumption: Social drinking, 1-2 times a month
   - Drug Use: N/A
   - Recreational Activities: Enjoys swimming on weekends (advised to avoid temporarily)

**5) Demographic Information:**
   - Age: 30
   - Gender: Male
   - Ethnicity: Caucasian
   - Socio-economic Status: Middle class
   - Education Level: Bachelor's degree
   - Health Literacy: Good
   - Job Status: Software engineer

**6) Patient's Behavior:**
   - Cooperative with medical advice, concerned about symptoms and open to follow-up and referrals

**7) Geographical Location:**
   - Urban, well-served by transit
   - Moderate pollution levels
   - Affluent neighborhood

**8) Clinical Setting:**
   - Private Practice

**9) Type of Encounter:**
   - Initial Consultation

**10) Treatment Disparities:**
   - N/A

**11) Native or Non-Native English Speaking Patient:**
   - Native English Speaking

**12) Physical exams:**
   - Otoscopic Exam: Bilateral fluid behind the tympanic membranes, redness, and bulging noted

**13) Investigation/Test results:**
   - NA

"|"#####
**SUBJECTIVE**

**Chief Complaint (CC)**
Moderate ear pain.

**History of Present Illness (HPI)**
The patient is a 30-year-old Caucasian male who presents with moderate bilateral ear pain that began three days ago. He describes a constant ear discomfort associated with a sensation of fullness in both ears, decreased hearing, and a mild fever. The patient reports that the ear pain has disrupted his sleep, making it difficult to concentrate at work. 

**Review of Systems (ROS)**
- **General:** Positive for mild fever.
- **ENT:** Positive for bilateral ear pain, fullness in ears, and decreased hearing.
- **Respiratory:** Negative for cough and shortness of breath.
- **Neurological:** Negative for dizziness or headaches.
- **Sleep:** Reports poor quality of sleep due to ear pain.

**Medical History**
- **Previous Diagnoses:** Recurrent sinusitis, seasonal allergic rhinitis.
- **Family Medical History:** Father with history of chronic sinusitis, mother with history of allergic rhinitis.
- **Medication History:** Previously prescribed nasal corticosteroids for allergic rhinitis.
- **Allergies:** No known allergies to medications, including penicillin.

**Patient's Self-reported Habits and Lifestyle**
- **Sleep:** Poor, disrupted by ear pain.
- **Diet:** Balanced diet.
- **Exercise:** Occasionally jogs.
- **Tobacco Use:** None.
- **Alcohol Consumption:** Social drinking, 1-2 times a month.
- **Drug Use:** None.
- **Recreational Activities:** Enjoys swimming on weekends (advised to avoid temporarily).

**OBJECTIVE**

**Vitals**
- Temperature: 99.1°F
- Blood Pressure: 118/76 mmHg
- Pulse: 78 bpm
- Respiratory Rate: 14 breaths per minute

**Physical Exam**
- **HEENT:** 
  - Otoscopic Exam: Bilateral fluid behind the tympanic membranes, redness, and bulging noted.
  - Nasal: Mild congestion noted.
- **Neck:** No lymphadenopathy or tenderness.
- **Respiratory:** Clear to auscultation bilaterally, no wheezing or crackles.
- **Cardiovascular:** Regular rate and rhythm, no murmurs.
- **Neurological:** CN II-XII grossly intact, no focal deficits.

**ASSESSMENT**
- Acute Serous Otitis Media, Bilateral

**PLAN**
1. **Medications:**
   - Prescribe Amoxicillin 500 mg, oral, twice a day for 10 days, Quantity: 20 tablets

2. **Instructions:**
   - Advise patient to avoid swimming and getting water in the ears.
   - Recommend a follow-up appointment in 1 week to assess improvement.
   - Provide a referral to ENT specialist, Dr. John Smith, for further evaluation if no improvement in symptoms after 1 week.

3. **Education:**
   - Discussed the nature of Serous Otitis Media and the importance of completing the antibiotic course.
   - Addressed lifestyle modifications and the need to avoid potential irritants and allergens.

4. **Follow-up:**
   - Arrange for a follow-up visit in one week.
   - Instruct patient to call immediately if symptoms worsen or if new symptoms arise.

**INSTRUCTIONS**
The patient is to monitor symptoms closely and maintain the prescribed treatment regimen. If no improvement or worsening of symptoms is noted after one week, further evaluation by an ENT specialist is necessary. The patient should avoid swimming and keep the ears dry. Follow-up in one week to reassess condition."|"#####
**SUBJECTIVE**

**Chief Complaint (CC)**
Moderate ear pain.

**History of Present Illness (HPI)**
The patient, John Doe, is a 30-year-old Caucasian male who presents with moderate bilateral ear pain that began three days ago. He describes a constant ear discomfort associated with a sensation of fullness in both ears, decreased hearing, and a mild fever. The patient reports that the ear pain has disrupted his sleep, making it difficult to concentrate at work. 

**Review of Systems (ROS)**
- **General:** Positive for mild fever.
- **ENT:** Positive for bilateral ear pain, fullness in ears, and decreased hearing.
- **Respiratory:** Negative for cough and shortness of breath.
- **Neurological:** Negative for dizziness or headaches.
- **Sleep:** Reports poor quality of sleep due to ear pain.

**Medical History**
- **Previous Diagnoses:** Recurrent sinusitis, seasonal allergic rhinitis.
- **Family Medical History:** Father with history of chronic sinusitis, mother with history of allergic rhinitis.
- **Medication History:** Previously prescribed nasal corticosteroids for allergic rhinitis.
- **Allergies:** No known allergies to medications, including penicillin.

**Patient's Self-reported Habits and Lifestyle**
- **Sleep:** Poor, disrupted by ear pain.
- **Diet:** Balanced diet.
- **Exercise:** Occasionally jogs.
- **Tobacco Use:** None.
- **Alcohol Consumption:** Social drinking, 1-2 times a month.
- **Drug Use:** None.
- **Recreational Activities:** Enjoys swimming on weekends (advised to avoid temporarily).

**OBJECTIVE**

**Vitals**
- Temperature: 99.1°F
- Blood Pressure: 118/76 mmHg
- Pulse: 78 bpm
- Respiratory Rate: 14 breaths per minute

**Physical Exam**
- **HEENT:** 
  - Otoscopic Exam: Bilateral fluid behind the tympanic membranes, redness, and bulging noted.
  - Nasal: Mild congestion noted.
- **Neck:** No lymphadenopathy or tenderness.
- **Respiratory:** Clear to auscultation bilaterally, no wheezing or crackles.
- **Cardiovascular:** Regular rate and rhythm, no murmurs.
- **Neurological:** CN II-XII grossly intact, no focal deficits.

**ASSESSMENT**
- Acute Serous Otitis Media, Bilateral

**PLAN**
1. **Medications:**
   - Prescribe Amoxicillin 500 mg, oral, twice a day for 10 days, Quantity: 20 tablets

2. **Instructions:**
   - Advise patient to avoid swimming and getting water in the ears.
   - Recommend a follow-up appointment in 1 week to assess improvement.
   - Provide a referral to ENT specialist, Dr. John Smith, for further evaluation if no improvement in symptoms after 1 week.

3. **Education:**
   - Discussed the nature of Serous Otitis Media and the importance of completing the antibiotic course.
   - Addressed lifestyle modifications and the need to avoid potential irritants and allergens.

4. **Follow-up:**
   - Arrange for a follow-up visit in one week.
   - Instruct patient to call immediately if symptoms worsen or if new symptoms arise."|"#####
**SUBJECTIVE**

**CC**
Moderate ear pain.

**HPI**
The patient, John Doe, is a 30-year-old Caucasian male who presents with moderate B/L ear pain that began 3 days ago. He describes a constant ear discomfort associated with a sensation of fullness in both ears, decreased hearing, and a mild fever. The patient reports that the ear pain has disrupted his sleep, making it difficult to concentrate at work.

**ROS**
- **General:** Positive for mild fever.
- **ENT:** Positive for B/L ear pain, fullness in ears, and decreased hearing.
- **Respiratory:** Negative for cough and SOB.
- **Neurological:** Negative for dizziness or HA.
- **Sleep:** Reports poor quality of sleep due to ear pain.

**Medical History**
- **Previous Diagnoses:** Recurrent sinusitis, seasonal allergic rhinitis.
- **Family Medical History:** Father with hx of chronic sinusitis, mother with hx of allergic rhinitis.
- **Medication History:** Previously Rx'ed nasal corticosteroids for allergic rhinitis.
- **Allergies:** NKDA, including penicillin.

**Patient's Self-reported Habits and Lifestyle**
- **Sleep:** Poor, disrupted by ear pain.
- **Diet:** Balanced diet.
- **Exercise:** Occasionally jogs.
- **Tobacco Use:** None.
- **Alcohol Consumption:** Social drinking, 1-2 times a month.
- **Drug Use:** None.
- **Recreational Activities:** Enjoys swimming on weekends (advised to avoid temporarily).

**OBJECTIVE**

**Vitals**
- Temp: 99.1°F
- BP: 118/76 mmHg
- HR: 78 bpm
- RR: 14 bpm

**Physical Exam**
- **HEENT:** 
  - Otoscopic Exam: B/L fluid behind the TMs, erythema, and bulging noted.
  - Nasal: Mild congestion noted.
- **Neck:** No LAD or tenderness.
- **Respiratory:** CTA B/L, no wheezing or crackles.
- **Cardiovascular:** RRR, no murmurs.
- **Neurological:** CN II-XII grossly intact, no focal deficits.

**ASSESSMENT**
- Acute Serous OM, B/L

**PLAN**
1. **Medications:**
   - Rx Amoxicillin 500 mg PO BID x10 days, Qty: 20 tabs

2. **Instructions:**
   - Advise patient to avoid swimming and getting water in the ears.
   - Recommend a f/u appointment in 1 week to assess improvement.
   - Provide a referral to ENT specialist, Dr. John Smith, for further eval if no improvement in symptoms after 1 week.

3. **Education:**
   - Discussed the nature of Serous OM and the importance of completing the abx course.
   - Addressed lifestyle modifications and the need to avoid potential irritants and allergens.

4. **Follow-up:**
   - Arrange for a f/u visit in 1 week.
   - Instruct patient to call immediately if symptoms worsen or if new symptoms arise."|Family Medicine Physician
ACUTE SEROUS OTITIS MEDIA, BILATERAL|"ROLE: Otolaryngologist (ENT Specialist)

AGE: 4
GENDER: Male
ETHNICITY: Caucasian
SOCIO-ECONOMIC STATUS: Middle-class
EDUCATION LEVEL: N/A (child)
HEALTH LITERACY: Low (parents have basic understanding)
JOB STATUS: N/A (child)

MEDICAL HISTORY:
    * Previous Diagnoses: Recurrent upper respiratory infections
    * Family Medical History: Father has a history of ear infections in childhood
    * Allergy: Amoxicillin (rash)
    * Chronic Conditions: Asthma

SYMPTOM DESCRIPTION:
    * Severity: Moderate
    * Duration: 6 days
    * Associated Symptoms: Ear pain, mild hearing loss, irritability
    * Frequency: Persistent 
    * Impact on Daily Activities: Not participating in usual playful activities, trouble sleeping

PATIENT’S SELF-REPORTED HABITS AND LIFESTYLE:
    * Sleep: Disturbed due to ear pain
    * Diet: Normal for age, no specific dietary restrictions
    * Exercise: Usually active but limited due to current symptoms
    * Tobacco Use: N/A (child)
    * Alcohol Consumption: N/A (child)
    * Drug Use: N/A (child)
    * Recreational Activities: Usually enjoys playing with toys and family

PATIENT'S BEHAVIOR:
    * Cooperation with Medical Advice: Generally cooperative, parents are proactive 

GEOGRAPHICAL LOCATION:
    * Big City
    * Pollution and Environmental Health Risks: Moderate pollution
    * Neighborhood Type: Affluent, well-served by transit
    * Access to healthcare: Good, multiple clinics nearby

CLINICAL SETTING:
    * Private Practice

TYPE OF ENCOUNTER:
    * Initial Consultation

TREATMENT DISPARITIES:
    * None evident, parents have good insurance coverage

NATIVE OR NON-NATIVE ENGLISH SPEAKING PATIENT:
    * Native English-speaking patient

PHYSICAL EXAMS:
    * Otoscopic Examination: Reveals dull tympanic membranes with visible fluid levels, no perforation
    * General Exam: Mild congestion, enlarged cervical lymph nodes

INVESTIGATION/TEST RESULTS:
    * Awaiting: Tympanometry to assess middle ear pressure

MEDICAL OUTCOME:
    * Diagnosis: Acute Serous Otitis Media, Bilateral
    * Prescribed Treatment: 
        - Antibiotic: Cefdinir 250 mg/5 mL oral suspension, 1.25 mL twice daily for 10 days
        - Pain Relief: Acetaminophen 160 mg/5 mL oral suspension, 5 mL every 4-6 hours as needed for pain
        - Nasal Spray: Fluticasone propionate nasal spray, 1 spray in each nostril once daily for 7 days
    * Follow-Up Recommendations: Re-evaluation in 2 weeks
    * Referral to Specialists: N/A
    * Referral to Further Tests or Imaging: N/A
    * Medication Adjustment: N/A
    * Lifestyle Change: Encourage parents to keep child hydrated, avoid exposure to secondhand smoke
"|"#####
**1. Subjective:**

**Chief Complaint (CC):**
Ear pain and mild hearing loss.

**History of Present Illness (HPI):**
A 4-year-old Caucasian male presents with a 6-day history of moderate ear pain, mild hearing loss, and irritability. The symptoms began gradually and have persisted, affecting the child's daily activities including play and sleep. The parents report he has been less active and is having trouble sleeping due to the ear pain.

**Review of Systems (ROS):**
- Ears: Reports moderate ear pain and mild hearing loss.
- General: Reports irritability and disturbed sleep.
- Respiratory: No recent cough or wheezing.

**Medical History:**
- Recurrent upper respiratory infections.
- Asthma.
- Allergy to amoxicillin (causes rash).
- Father has a history of ear infections during childhood.

**Social History:**
- Lives in a big city with moderate pollution.
- Family resides in an affluent neighborhood with good access to healthcare.
- Normally active and enjoys playing with toys and family, currently limited due to symptoms.

**2. Objective:**

**Vital Signs:**
- Temperature: Afebrile
- Heart rate: 98 bpm
- Respiratory rate: 22 breaths/min

**Physical Exam:**
- HEENT: Otoscopic examination reveals dull tympanic membranes with visible fluid levels, no perforation. Mild nasal congestion.
- Neck: Enlarged cervical lymph nodes palpable bilaterally, non-tender.
- Respiratory: Clear breath sounds, no wheezing.

**Investigation/Tests Results:**
- Awaiting tympanometry to assess middle ear pressure.

**3. Assessment:**

**Diagnosis:**
Acute Serous Otitis Media, Bilateral

**4. Plan:**

**Medications:**
- Antibiotic: Cefdinir 250 mg/5 mL oral suspension, 1.25 mL twice daily for 10 days.
- Pain Relief: Acetaminophen 160 mg/5 mL oral suspension, 5 mL every 4-6 hours as needed for pain.
- Nasal Spray: Fluticasone propionate nasal spray, 1 spray in each nostril once daily for 7 days.

**Follow-Up Recommendations:**
- Re-evaluation in 2 weeks to assess progress and response to treatment.

**Instructions:**
- Ensure the child stays hydrated.
- Avoid exposure to secondhand smoke.
- Monitor for any worsening symptoms or adverse reactions to medications and contact clinic if needed.

**Lifestyle Change:**
Encourage return to normal activities as symptoms improve, with adequate rest and hydration.

#####"|"**1. Subjective:**

**Chief Complaint (CC):**
Ear pain and mild hearing loss.

**History of Present Illness (HPI):**
A 4-year-old Caucasian male, named Ethan, presents with a 6-day history of moderate ear pain, mild hearing loss, and irritability. The symptoms began gradually and have persisted, affecting the child's daily activities including play and sleep. The parents report he has been less active and is having trouble sleeping due to the ear pain.

**Review of Systems (ROS):**
- Ears: Reports moderate ear pain and mild hearing loss.
- General: Reports irritability and disturbed sleep.
- Respiratory: No recent cough or wheezing.

**Medical History:**
- Recurrent upper respiratory infections.
- Asthma.
- Allergy to amoxicillin (causes rash).
- Father has a history of ear infections during childhood.

**Social History:**
- Lives in a big city with moderate pollution.
- Family resides in an affluent neighborhood with good access to healthcare.
- Normally active and enjoys playing with toys and family, currently limited due to symptoms.

**2. Objective:**

**Vital Signs:**
- Temperature: Afebrile
- Heart rate: 98 bpm
- Respiratory rate: 22 breaths/min

**Physical Exam:**
- HEENT: Otoscopic examination reveals dull tympanic membranes with visible fluid levels, no perforation. Mild nasal congestion.
- Neck: Enlarged cervical lymph nodes palpable bilaterally, non-tender.
- Respiratory: Clear breath sounds, no wheezing.

**3. Assessment:**

**Diagnosis:**
Acute Serous Otitis Media, Bilateral

**4. Plan:**

**Medications:**
- Antibiotic: Cefdinir 250 mg/5 mL oral suspension, 1.25 mL twice daily for 10 days.
- Pain Relief: Acetaminophen 160 mg/5 mL oral suspension, 5 mL every 4-6 hours as needed for pain.
- Nasal Spray: Fluticasone propionate nasal spray, 1 spray in each nostril once daily for 7 days.

**Follow-Up Recommendations:**
- Re-evaluation in 2 weeks to assess progress and response to treatment.

**Instructions:**
- Ensure the child stays hydrated.
- Avoid exposure to secondhand smoke.
- Monitor for any worsening symptoms or adverse reactions to medications and contact clinic if needed.

**Lifestyle Change:**
Encourage return to normal activities as symptoms improve, with adequate rest and hydration.

**Investigations Ordered:**
- Tympanometry to assess middle ear pressure."|"**1. Subjective:**

**CC:**
Ear pain and mild hearing loss.

**HPI:**
A 4-year-old Caucasian male, named Ethan, presents with a 6-day hx of moderate ear pain, mild hearing loss, and irritability. The sx began gradually and have persisted, affecting the child's daily activities including play and sleep. The parents report he has been less active and is having trouble sleeping due to the ear pain.

**ROS:**
- Ears: Reports moderate ear pain and mild hearing loss.
- General: Reports irritability and disturbed sleep.
- Respiratory: No recent cough or wheezing.

**Medical Hx:**
- Recurrent URIs.
- Asthma.
- Allergy to amoxicillin (causes rash).
- Father has a hx of ear infections during childhood.

**Social Hx:**
- Lives in a big city with moderate pollution.
- Family resides in an affluent neighborhood with good access to healthcare.
- Normally active and enjoys playing with toys and family, currently limited due to sx.

**2. Objective:**

**VS:**
- Temp: Afebrile
- HR: 98 bpm
- RR: 22 breaths/min

**Physical Exam:**
- HEENT: Otoscopic exam reveals dull TMs with visible fluid levels, no perforation. Mild nasal congestion.
- Neck: Enlarged cervical LNs palpable bilaterally, non-tender.
- Respiratory: Clear breath sounds, no wheezing.

**3. Assessment:**

**Dx:**
Acute Serous OM, Bilateral

**4. Plan:**

**Medications:**
- Abx: Cefdinir 250 mg/5 mL PO susp, 1.25 mL BID x10 days.
- Pain Relief: Acetaminophen 160 mg/5 mL PO susp, 5 mL q4-6h PRN for pain.
- Nasal Spray: Fluticasone propionate nasal spray, 1 spray each nostril QD x7 days.

**Follow-Up Recommendations:**
- Re-eval in 2 weeks to assess progress and response to tx.

**Instructions:**
- Ensure the child stays hydrated.
- Avoid exposure to secondhand smoke.
- Monitor for any worsening sx or adverse reactions to meds and contact clinic if needed.

**Lifestyle Change:**
Encourage return to normal activities as sx improve, with adequate rest and hydration.

**Investigations Ordered:**
- Tympanometry to assess middle ear pressure."|Otolaryngologist (ENT Specialist)
ACUTE SEROUS OTITIS MEDIA, BILATERAL|"**ROLE:** Otorhinolaryngologist (ENT Specialist)

**SCENARIO:**

- **Medical Outcome:**
  - Diagnosis: Acute Serous Otitis Media, Bilateral.
  - Prescribed Treatment:
    - Azithromycin, 250 mg, oral, once daily for 5 days due to penicillin allergy.
    - Recommend over-the-counter acetaminophen, 325 mg, oral, every 4-6 hours as needed for pain and fever.
  - Follow-up Recommendations: Video call follow-up in 2 weeks to reassess ear fluid level and hearing status due to patient's limited access to healthcare.
  - Referral: Referral to Pediatric Allergist, Dr. Emily Roberts, for potential underlying allergic causes if recurrent issues.
  - Order for Imaging/Blood Work: NA

- **Medical History:**
  - Previous Diagnoses: Mild Asthma.
  - Family Medical History: Mother has eczema.
  - Medication History: Inhaler use (asthma), occasional antihistamines.
  - Allergies: Penicillin.
  - Chronic Conditions: Asthma.

- **Symptom Description:**
  - Severity: Moderate ear pain, worse at night.
  - Duration: 6 days.
  - Associated Symptoms: Mild fever (99.5°F), intermittent nausea.
  - Frequency: Continuous.
  - Impact on Daily Activities: Missed some school days, decreased participation in social activities.

- **Patient’s self-reported habits and lifestyle:**
  - Sleep: Disturbed sleep due to ear pain, averaging 5 hours a night.
  - Diet: Balanced diet but has been eating less due to nausea.
  - Exercise: Generally gets exercise through school sports, currently limited.
  - Tobacco Use: Non-smoker, no secondhand smoke exposure.
  - Alcohol Consumption: None.
  - Drug Use: None.
  - Recreational Activities: Enjoys drawing and playing the guitar.

- **Demographic Information:**
  - Age: 10
  - Gender: Female
  - Ethnicity: Asian
  - Socio-economic Status: Lower class
  - Education Level: Elementary school
  - Health Literacy: Low (due to age)
  - Job Status: NA (student)

- **Patient's Behavior:**
  - Cooperative but visibly anxious; mother is very involved and supportive.

- **Geographical Location:**
  - Small Town (Rural)
  - Pollution and Environmental Health Risks: Lives in a rural area with little pollution.
  - Neighborhood Type: Impoverished, limited access to healthcare and public services.

- **Clinical Setting:**
  - Telemedicine due to geographical limitations and poor access to in-person healthcare.

- **Type of Encounter:**
  - Initial Consultation

- **Treatment Disparities:**
  - Limited access to in-person healthcare services impacts treatment options and follow-up care.

- **Native or Non-Native English Speaking Patient:**
  - Non-Native English Speaker, requires an interpreter for the telemedicine visit.

- **Physical exams:**
  - ENT Examination:
    - Tympanic membranes: Visual examination shows dull, retracted tympanic membranes with visible fluid bilaterally.
    - Ear canals: No obstruction noted.

- **Investigation/Test results:**
  - NA"|"#####
**1. Subjective:**

**Chief Complaint (CC):**
Moderate ear pain worsened at night, present for 6 days.

**History of Present Illness (HPI):**
The patient is a 10-year-old Asian female presenting with moderate, continuous ear pain bilaterally, which is reported to worsen at night. The pain has been ongoing for 6 days and is associated with a mild fever (99.5°F) and intermittent nausea. The symptoms have impacted her daily activities, causing missed school days and decreased participation in social activities.

**Review of Systems (ROS):**
- **Constitutional:** Reports mild fever.
- **Ear, Nose, and Throat:** Reports moderate ear pain bilaterally, worse at night.
- **Gastrointestinal:** Reports intermittent nausea.
- **Respiratory:** History of mild asthma, current medications include an inhaler.
- **Allergy:** Known allergy to penicillin; history of occasional antihistamine use.
- **Psychiatric:** Reports disturbed sleep due to ear pain; averaging 5 hours per night, visibly anxious but cooperative during consultation.

**2. Objective:**

**Vital Signs:**
- Temperature: 99.5°F

**Physical Examination:**
- **ENT Examination:**
  - **Tympanic Membranes:** Dull, retracted tympanic membranes with visible fluid, bilaterally.
  - **Ear Canals:** No obstruction noted.
- **General:** No acute distress; cooperative but anxious.
  
**3. Assessment:**

**Diagnosis:**
- Acute Serous Otitis Media, Bilateral.

**4. Plan:**

**Medical Treatment:**
- **Azithromycin:** 250 mg, oral, once daily for 5 days due to penicillin allergy.
- **Acetaminophen:** 325 mg, oral, every 4-6 hours as needed for pain and fever.

**Follow-Up Recommendations:**
- Video call follow-up in 2 weeks to reassess ear fluid levels and hearing status.

**Referral:**
- Referral to Pediatric Allergist, Dr. Emily Roberts, for evaluation of potential underlying allergic causes if recurrent issues are observed.

**Patient Education and Counseling:**
- Explained the importance of adhering to the prescribed antibiotic regimen.
- Discussed the use of acetaminophen for pain management.
- Provided information on the potential signs of worsening condition that would necessitate immediate medical attention (e.g., increased fever, severe pain, or any new symptoms).

**Patient Agreements:**
- The patient and her mother understand and agree with the recommended medical treatment plan.

**Instructions:**
- The patient will follow up via video call in 2 weeks for reassessment. If symptoms worsen or do not improve, they are advised to seek immediate medical care.
#####"|"#####
**1. Subjective:**

**Chief Complaint (CC):**
Moderate ear pain worsened at night, present for 6 days.

**History of Present Illness (HPI):**
The patient is a 10-year-old Asian female presenting with moderate, continuous ear pain bilaterally, which is reported to worsen at night. The pain has been ongoing for 6 days and is associated with a mild fever (99.5°F) and intermittent nausea. The symptoms have impacted her daily activities, causing missed school days and decreased participation in social activities.

**Review of Systems (ROS):**
- **Constitutional:** Reports mild fever.
- **Ear, Nose, and Throat:** Reports moderate ear pain bilaterally, worse at night.
- **Gastrointestinal:** Reports intermittent nausea.
- **Respiratory:** History of mild asthma, current medications include an inhaler.
- **Allergy:** Known allergy to penicillin; history of occasional antihistamine use.
- **Psychiatric:** Reports disturbed sleep due to ear pain; averaging 5 hours per night, visibly anxious but cooperative during consultation.

**2. Objective:**

**Vital Signs:**
- Temperature: 99.5°F

**Physical Examination:**
- **ENT Examination:**
  - **Tympanic Membranes:** Dull, retracted tympanic membranes with visible fluid, bilaterally.
  - **Ear Canals:** No obstruction noted.
- **General:** No acute distress; cooperative but anxious.
  
**3. Assessment:**

**Diagnosis:**
- Acute Serous Otitis Media, Bilateral.

**4. Plan:**

**Medical Treatment:**
- **Azithromycin:** 250 mg, oral, once daily for 5 days due to penicillin allergy.
- **Acetaminophen:** 325 mg, oral, every 4-6 hours as needed for pain and fever.

**Follow-Up Recommendations:**
- Video call follow-up in 2 weeks to reassess ear fluid levels and hearing status.

**Referral:**
- Referral to Pediatric Allergist, Dr. Emily Roberts, for evaluation of potential underlying allergic causes if recurrent issues are observed.

**Patient Education and Counseling:**
- Explained the importance of adhering to the prescribed antibiotic regimen.
- Discussed the use of acetaminophen for pain management.
- Provided information on the potential signs of worsening condition that would necessitate immediate medical attention (e.g., increased fever, severe pain, or any new symptoms).

**Patient Agreements:**
- The patient and her mother understand and agree with the recommended medical treatment plan.

**Instructions:**
- The patient will follow up via video call in 2 weeks for reassessment. If symptoms worsen or do not improve, they are advised to seek immediate medical care.
#####"|"#####
**1. Subjective:**

**CC:**
Moderate ear pain worsened at night, present for 6 days.

**HPI:**
The pt is a 10 y/o Asian F presenting with moderate, continuous ear pain bilaterally, which is reported to worsen at night. The pain has been ongoing for 6 days and is associated with a mild fever (99.5°F) and intermittent nausea. The sx have impacted her daily activities, causing missed school days and decreased participation in social activities.

**ROS:**
- **Constitutional:** Reports mild fever.
- **ENT:** Reports moderate ear pain bilaterally, worse at night.
- **GI:** Reports intermittent nausea.
- **Resp:** Hx of mild asthma, current meds include an inhaler.
- **Allergy:** Known allergy to PCN; hx of occasional antihistamine use.
- **Psych:** Reports disturbed sleep due to ear pain; averaging 5 hrs per night, visibly anxious but cooperative during consultation.

**2. Objective:**

**VS:**
- Temp: 99.5°F

**PE:**
- **ENT Exam:**
  - **TMs:** Dull, retracted TMs with visible fluid, bilaterally.
  - **Ear Canals:** No obstruction noted.
- **General:** No acute distress; cooperative but anxious.
  
**3. Assessment:**

**Dx:**
- Acute Serous OM, Bilateral.

**4. Plan:**

**Medical Tx:**
- **Azithromycin:** 250 mg PO QD x 5 days due to PCN allergy.
- **Acetaminophen:** 325 mg PO Q4-6H PRN for pain and fever.

**F/U Recommendations:**
- Video call F/U in 2 weeks to reassess ear fluid levels and hearing status.

**Referral:**
- Referral to Peds Allergist, Dr. Emily Roberts, for eval of potential underlying allergic causes if recurrent issues are observed.

**Pt Education and Counseling:**
- Explained the importance of adhering to the prescribed abx regimen.
- Discussed the use of acetaminophen for pain mgmt.
- Provided info on the potential signs of worsening condition that would necessitate immediate medical attention (e.g., increased fever, severe pain, or any new sx).

**Pt Agreements:**
- The pt and her mother understand and agree with the recommended medical tx plan.

**Instructions:**
- The pt will F/U via video call in 2 weeks for reassessment. If sx worsen or do not improve, they are advised to seek immediate medical care.
#####"|Role not found in the first 5 lines.
ACUTE SEROUS OTITIS MEDIA, BILATERAL|"ROLE: General Physician

- **Medical Outcome:**
  - Diagnosis: Acute Serous Otitis Media, Bilateral (H65.03)
  - Prescribed Treatment: Clindamycin 300 mg oral, every 8 hours for 10 days; Acetaminophen 500 mg, oral, every 6 hours as needed for pain
  - Follow-up Recommendations: Return visit in 7 days for reassessment
  - Referral to Specialists: NA
  - Order for imaging: NA
  - Order for blood work: Complete Blood Count (CBC), C-Reactive Protein (CRP) to evaluate for inflammation, and Erythrocyte Sedimentation Rate (ESR)

- **Medical History:**
  - Previous Diagnoses: Type 2 Diabetes Mellitus, Chronic Sinusitis
  - Family Medical History: Father with history of diabetes, mother with history of hypertension
  - Medication History: Metformin 500 mg twice daily
  - Allergies: Penicillin
  - Chronic Conditions: Type 2 Diabetes Mellitus, Chronic Sinusitis

- **Symptom Description:**
  - Severity: Severe
  - Duration: 2 days
  - Associated Symptoms: Severe ear pain, high fever (103°F), significant hearing loss, vertigo, purulent discharge from both ears
  - Frequency: Constant ear pain and discharge
  - Impact on Daily Activities: Unable to perform daily activities, bedridden

- **Patient’s self-reported habits and lifestyle:**
  - Sleep: Unable to sleep due to pain
  - Diet: High sugar and carbohydrate intake
  - Exercise: No regular exercise routine
  - Tobacco Use: Non-smoker
  - Alcohol Consumption: Moderate drinker, 2-3 drinks per week
  - Drug Use: None
  - Recreational Activities: None due to chronic health conditions

- **Demographic Information:**
  - Age: 59
  - Gender: Female
  - Ethnicity: African American
  - Socio-economic Status: Low-income
  - Education Level: Some high school
  - Health Literacy: Low understanding of medical terms
  - Job Status: Retired, previously worked as a sales clerk

- **Patient's Behavior:**
  - Level of Cooperation: Reluctant to adhere to medical advice, non-compliant with diabetes management

- **Geographical Location:**
  - Big City vs. Small City: Lives in a small city
  - Rural vs. Urban: Rural
  - Pollution and Environmental Health Risks: Low pollution, well water supply
  - Neighborhood Type: Impoverished neighborhood, limited access to healthcare services

- **Clinical Setting:**
  - Community Health Services

- **Type of Encounter:**
  - Follow-up visit after emergency room discharge

- **Treatment Disparities:**
  - Limited access to advanced medical care due to rural location and low socio-economic status

- **Native or Non-Native English Speaking Patient:**
  - Native English-speaking patient

- **Physical exams:**
  - Ear Examination: Bilateral tympanic membranes bulging and erythematous, copious purulent discharge observed, tenderness upon palpation
  - Vital Signs: Elevated temperature (103°F), high blood pressure (140/90 mmHg), tachycardia (105 bpm)

- **Investigation/Test results:**
  - Awaiting results for Complete Blood Count (CBC), C-Reactive Protein (CRP), and Erythrocyte Sedimentation Rate (ESR) to evaluate for signs of infection or inflammation."|"**1. Subjective:**

**Chief Complaint (CC):**
Severe ear pain, high fever, and significant hearing loss for 2 days.

**History of Present Illness (HPI):**
Ms. Johnson is a 59-year-old African American female who presents today following an emergency room discharge for severe ear pain. She reports a duration of 2 days with constant, severe pain in both ears, high fever peaking at 103°F, significant hearing loss, vertigo, and purulent discharge from both ears. The symptoms have rendered her bedridden and unable to perform daily activities.

**Review of Systems (ROS):**
- Ears: Bilateral severe ear pain, purulent discharge, hearing loss, vertigo.
- General: High fever (103°F), malaise.
- Other systems are negative except as noted in medical history.

**Past Medical History:**
- Type 2 Diabetes Mellitus
- Chronic Sinusitis

**Family Medical History:**
- Father with diabetes
- Mother with hypertension

**Medication History:**
- Metformin 500 mg twice daily

**Allergies:**
- Penicillin

**Chronic Conditions:**
- Type 2 Diabetes Mellitus
- Chronic Sinusitis

**2. Objective:**

**Vital Signs:**
- Temperature: 103°F
- Blood Pressure: 140/90 mmHg
- Heart Rate: 105 bpm

**Physical Examination:**
- Ears: Bilateral tympanic membranes bulging and erythematous with copious purulent discharge. Tenderness upon palpation over both mastoid processes.
- General: Appears ill and in distress due to pain and discomfort.
- Cardiovascular: Tachycardia noted, no murmurs.
- Respiratory: Breath sounds clear bilaterally.
- Abdomen: Soft, non-tender, normal bowel sounds.

**Investigation/Test Results:**
- Awaiting results for Complete Blood Count (CBC), C-Reactive Protein (CRP), and Erythrocyte Sedimentation Rate (ESR) to evaluate for infection or inflammation.

**3. Assessment:**

**Diagnosis:**
Acute Serous Otitis Media, Bilateral (H65.03)

**4. Plan:**
1. **Medication:**
   - Clindamycin 300 mg orally, every 8 hours for 10 days.
   - Acetaminophen 500 mg orally, every 6 hours as needed for pain.
2. **Follow-Up:**
   - Return visit in 7 days for reassessment.
3. **Laboratory Orders:**
   - Complete Blood Count (CBC)
   - C-Reactive Protein (CRP)
   - Erythrocyte Sedimentation Rate (ESR)
4. **Patient Education:**
   - Discuss the importance of completing the full course of antibiotics.
   - Advise on managing blood sugar levels carefully given the diabetes management concern.
   - Suggested dietary modifications to reduce high sugar and carbohydrate intake.
   - Emphasize the need for strict adherence to prescribed medications and follow-up visits.
5. **Lifestyle Recommendations:**
   - Encourage light activities as tolerated to improve overall well-being.
   - Suggest strategies for pain management and better sleep quality.
6. **Accessibility:**
   - Provided information on local resources to assist with medication costs and transportation to follow-up appointments given the patient's low-income status and rural location.

All patient questions were addressed, and educational materials were provided to enhance understanding of the condition and treatment plan."|"**1. Subjective:**

**Chief Complaint (CC):**
Severe ear pain, high fever, and significant hearing loss for 2 days.

**History of Present Illness (HPI):**
Ms. Johnson is a 59-year-old African American female who presents today following an emergency room discharge for severe ear pain. She reports a duration of 2 days with constant, severe pain in both ears, high fever peaking at 103°F, significant hearing loss, vertigo, and purulent discharge from both ears. The symptoms have rendered her bedridden and unable to perform daily activities.

**Review of Systems (ROS):**
- Ears: Bilateral severe ear pain, purulent discharge, hearing loss, vertigo.
- General: High fever (103°F), malaise.
- Other systems are negative except as noted in medical history.

**Past Medical History:**
- Type 2 Diabetes Mellitus
- Chronic Sinusitis

**Family Medical History:**
- Father with diabetes
- Mother with hypertension

**Medication History:**
- Metformin 500 mg twice daily

**Allergies:**
- Penicillin

**Chronic Conditions:**
- Type 2 Diabetes Mellitus
- Chronic Sinusitis

**2. Objective:**

**Vital Signs:**
- Temperature: 103°F
- Blood Pressure: 140/90 mmHg
- Heart Rate: 105 bpm

**Physical Examination:**
- Ears: Bilateral tympanic membranes bulging and erythematous with copious purulent discharge. Tenderness upon palpation over both mastoid processes.
- General: Appears ill and in distress due to pain and discomfort.
- Cardiovascular: Tachycardia noted, no murmurs.
- Respiratory: Breath sounds clear bilaterally.
- Abdomen: Soft, non-tender, normal bowel sounds.

**3. Assessment:**

**Diagnosis:**
Acute Serous Otitis Media, Bilateral (H65.03)

**4. Plan:**
1. **Medication:**
   - Clindamycin 300 mg orally, every 8 hours for 10 days.
   - Acetaminophen 500 mg orally, every 6 hours as needed for pain.
2. **Follow-Up:**
   - Return visit in 7 days for reassessment.
3. **Laboratory Orders:**
   - Complete Blood Count (CBC)
   - C-Reactive Protein (CRP)
   - Erythrocyte Sedimentation Rate (ESR)
4. **Patient Education:**
   - Discuss the importance of completing the full course of antibiotics.
   - Advise on managing blood sugar levels carefully given the diabetes management concern.
   - Suggested dietary modifications to reduce high sugar and carbohydrate intake.
   - Emphasize the need for strict adherence to prescribed medications and follow-up visits.
5. **Lifestyle Recommendations:**
   - Encourage light activities as tolerated to improve overall well-being.
   - Suggest strategies for pain management and better sleep quality.
6. **Accessibility:**
   - Provided information on local resources to assist with medication costs and transportation to follow-up appointments given the patient's low-income status and rural location.

All patient questions were addressed, and educational materials were provided to enhance understanding of the condition and treatment plan."|"**1. Subjective:**

**CC:**
Severe ear pain, high fever, and significant hearing loss for 2 days.

**HPI:**
Ms. Johnson is a 59-year-old African American female who presents today following an ER discharge for severe ear pain. She reports a duration of 2 days with constant, severe pain in both ears, high fever peaking at 103°F, significant hearing loss, vertigo, and purulent discharge from both ears. The symptoms have rendered her bedridden and unable to perform ADLs.

**ROS:**
- Ears: Bilateral severe ear pain, purulent discharge, hearing loss, vertigo.
- General: High fever (103°F), malaise.
- Other systems are negative except as noted in PMH.

**PMH:**
- T2DM
- Chronic Sinusitis

**FMH:**
- Father with DM
- Mother with HTN

**Medications:**
- Metformin 500 mg BID

**Allergies:**
- PCN

**Chronic Conditions:**
- T2DM
- Chronic Sinusitis

**2. Objective:**

**VS:**
- Temp: 103°F
- BP: 140/90 mmHg
- HR: 105 bpm

**PE:**
- Ears: Bilateral TMs bulging and erythematous with copious purulent discharge. Tenderness upon palpation over both mastoid processes.
- General: Appears ill and in distress due to pain and discomfort.
- CV: Tachycardia noted, no murmurs.
- Resp: Breath sounds clear bilaterally.
- Abd: Soft, non-tender, normal BS.

**3. Assessment:**

**Dx:**
Acute Serous OM, Bilateral (H65.03)

**4. Plan:**
1. **Rx:**
   - Clindamycin 300 mg PO q8h x10 days.
   - Acetaminophen 500 mg PO q6h PRN pain.
2. **F/U:**
   - Return visit in 7 days for reassessment.
3. **Labs:**
   - CBC
   - CRP
   - ESR
4. **Pt Education:**
   - Discuss the importance of completing the full course of abx.
   - Advise on managing blood sugar levels carefully given the DM management concern.
   - Suggested dietary modifications to reduce high sugar and carb intake.
   - Emphasize the need for strict adherence to prescribed meds and F/U visits.
5. **Lifestyle Recommendations:**
   - Encourage light activities as tolerated to improve overall well-being.
   - Suggest strategies for pain mgmt and better sleep quality.
6. **Accessibility:**
   - Provided info on local resources to assist with med costs and transportation to F/U appointments given the patient's low-income status and rural location.

All patient questions were addressed, and educational materials were provided to enhance understanding of the condition and treatment plan."|General Physician
ACUTE SEROUS OTITIS MEDIA, BILATERAL|"ROLE: Family Medicine Physician

Demographic Information:
- Age: 3 years old
- Gender: Male
- Ethnicity: Caucasian
- Socio-economic Status: Middle-class
- Education Level: N/A
- Health Literacy: Parents are well-informed
- Job Status: N/A

Chief Complaint:
- Ear pain and irritability

Medical History:
- Previous Diagnoses: None
- Family Medical History: History of seasonal allergies in mother
- Medication History: No regular medications, occasional use of acetaminophen for fever
- Allergies: None
- Chronic Conditions: None

Symptom Description:
- Severity: Moderate to severe
- Duration: 3 days
- Associated Symptoms: Fever (101.5°F), decreased appetite, irritability, pulling at ears
- Frequency: Constant
- Impact on Daily Activities: Difficulty sleeping, reduced play activity

Patient’s self-reported habits and lifestyle:
- Sleep: Restless and waking frequently due to ear pain
- Diet: Reduced appetite, mainly interested in soft foods and liquids
- Exercise: Active toddler, less active over the past few days
- Tobacco Use: N/A
- Alcohol Consumption: N/A
- Drug Use: N/A
- Recreational Activities: Enjoys playing with toys, less engaged lately

Patient's Behavior:
- Cooperative but distressed due to pain

Geographical Location:
- Big City
- Urban
- Neighborhood Type: Affluent
- Well-served by Transit

Clinical Setting:
- Pediatric Clinic

Type of Encounter:
- Initial Consultation

Treatment Disparities:
- N/A

Native or Non-Native English Speaking Patient:
- Native English Speaking

Physical Exams:
- Otoscopic Exam: Erythematous, bulging tympanic membranes bilaterally with visible effusion
- General: Mild fever, irritable, pulling at both ears

Investigation/Test results:
- NA

Medical Outcome:
- Diagnosis: Acute Serous Otitis Media, Bilateral
- Prescribed Treatment: Amoxicillin 250 mg/5 ml, 5 ml orally twice a day for 10 days, quantity: 100 ml
- Follow-up Recommendations: Follow-up visit in 10 days, or sooner if symptoms worsen
- Referral to Specialists: N/A
- Blood Work: N/A
- Imaging: NA
- Lifestyle Change: Encourage hydration, use of a cool-mist humidifier in the child's room"|"**Subjective:**
**Chief Complaint (CC):**
Ear pain and irritability.

**History of Present Illness (HPI):**
The patient is a 3-year-old Caucasian male presenting with ear pain and irritability. Symptoms include moderate to severe ear pain, decreased appetite, and fever (101.5°F) for the last three days. The patient has been constantly pulling at his ears and experiencing difficulty sleeping and reduction in play activity.

**Review of Systems (ROS):**
- **General:** Fever, irritability, decreased appetite
- **EENT:** Ear pain, pulling at ears, reduced interest in usual activities
- **GI:** Main interest in soft foods and liquids
- **Sleep:** Restless, waking frequently due to ear pain

**Objective:**
- **Vital Signs:** Febrile, 101.5°F
- **General Appearance:** Cooperative but distressed due to pain
- **Otoscopic Exam:** Erythematous, bulging tympanic membranes bilaterally with visible effusion
- **Physical Examination:**
  - **ENT:** Bilateral ear tenderness on palpation
  - **General:** Active toddler, though less active over the past few days

**Assessment:**
Acute Serous Otitis Media, Bilateral

**Plan:**
- **Medication:** Prescribed Amoxicillin 250 mg/5 ml, 5 ml orally twice a day for 10 days, quantity: 100 ml.
- **Symptomatic Relief:** Suggested the use of a cool-mist humidifier in the child's room and encouraged hydration.
- **Follow-up:** Scheduled a follow-up visit in 10 days, or sooner if symptoms worsen.
- **Parental Education:** Discussed the diagnosis, treatment plan, and the importance of completing the antibiotic course. Parents were advised on monitoring symptoms and when to seek further medical care.

All questions were answered, and the parents were provided with the necessary information regarding the condition and treatment."|"**Subjective:**
**Chief Complaint (CC):**
Ear pain and irritability.

**History of Present Illness (HPI):**
The patient, a 3-year-old Caucasian male named Ethan, presents with ear pain and irritability. Symptoms include moderate to severe ear pain, decreased appetite, and fever (101.5°F) for the last three days. Ethan has been constantly pulling at his ears and experiencing difficulty sleeping and a reduction in play activity.

**Review of Systems (ROS):**
- **General:** Fever, irritability, decreased appetite
- **EENT:** Ear pain, pulling at ears, reduced interest in usual activities
- **GI:** Main interest in soft foods and liquids
- **Sleep:** Restless, waking frequently due to ear pain

**Objective:**
- **Vital Signs:** Febrile, 101.5°F
- **General Appearance:** Cooperative but distressed due to pain
- **Otoscopic Exam:** Erythematous, bulging tympanic membranes bilaterally with visible effusion
- **Physical Examination:**
  - **ENT:** Bilateral ear tenderness on palpation
  - **General:** Active toddler, though less active over the past few days

**Assessment:**
Acute Serous Otitis Media, Bilateral

**Plan:**
- **Medication:** Prescribed Amoxicillin 250 mg/5 ml, 5 ml orally twice a day for 10 days, quantity: 100 ml.
- **Symptomatic Relief:** Suggested the use of a cool-mist humidifier in the child's room and encouraged hydration.
- **Follow-up:** Scheduled a follow-up visit in 10 days, or sooner if symptoms worsen.
- **Parental Education:** Discussed the diagnosis, treatment plan, and the importance of completing the antibiotic course. Parents were advised on monitoring symptoms and when to seek further medical care.

All questions were answered, and the parents were provided with the necessary information regarding the condition and treatment."|"**Subjective:**
**CC:**
Ear pain and irritability.

**HPI:**
The pt, a 3 y/o Caucasian male named Ethan, presents with ear pain and irritability. Sx include moderate to severe ear pain, decreased appetite, and fever (101.5°F) for the last 3 days. Ethan has been constantly pulling at his ears and experiencing difficulty sleeping and a reduction in play activity.

**ROS:**
- **General:** Fever, irritability, decreased appetite
- **EENT:** Ear pain, pulling at ears, reduced interest in usual activities
- **GI:** Main interest in soft foods and liquids
- **Sleep:** Restless, waking frequently due to ear pain

**Objective:**
- **VS:** Febrile, 101.5°F
- **General Appearance:** Cooperative but distressed due to pain
- **Otoscopic Exam:** Erythematous, bulging TMs bilaterally with visible effusion
- **PE:**
  - **ENT:** Bilateral ear tenderness on palpation
  - **General:** Active toddler, though less active over the past few days

**Assessment:**
Acute Serous OM, Bilateral

**Plan:**
- **Rx:** Amoxicillin 250 mg/5 ml, 5 ml PO BID x10 days, qty: 100 ml.
- **Symptomatic Relief:** Suggested the use of a cool-mist humidifier in the child's room and encouraged hydration.
- **F/U:** Scheduled a F/U visit in 10 days, or sooner if Sx worsen.
- **Parental Education:** Discussed the Dx, Tx plan, and the importance of completing the Abx course. Parents were advised on monitoring Sx and when to seek further medical care.

All questions were answered, and the parents were provided with the necessary information regarding the condition and Tx."|Family Medicine Physician
ACUTE SEROUS OTITIS MEDIA, BILATERAL|"**ROLE:** Otorhinolaryngologist (ENT Specialist)

**SCENARIO:**

- **Medical Outcome:**
  - Diagnosis: Acute Serous Otitis Media, Bilateral.
  - Prescribed Treatment: 
    - Amoxicillin, 500 mg, oral, 3 times a day, for 10 days.
    - Advise the use of warm compresses for pain relief.
  - Follow-up Recommendations: Return visit in 2 weeks to reassess ear fluid level and hearing status.
  - Referral: Referral to Audiologist, Dr. John Smith, for a hearing test if fluid persists beyond 3 months.
  - Order for Imaging/Blood Work: NA

- **Medical History:**
  - Previous Diagnoses: Recurrent Otitis Media.
  - Family Medical History: Father has a history of chronic sinus infections.
  - Medication History: Occasional use of over-the-counter antihistamines.
  - Allergies: Penicillin.
  - Chronic Conditions: Seasonal Allergic Rhinitis.

- **Symptom Description:**
  - Severity: Moderate ear pain and discomfort.
  - Duration: 4 days.
  - Associated Symptoms: Mild fever (100.4°F), feeling of fullness in both ears, decreased hearing.
  - Frequency: Continuous.
  - Impact on Daily Activities: Difficulty focusing at work, trouble sleeping due to discomfort.

- **Patient’s self-reported habits and lifestyle:**
  - Sleep: On average, 6-7 hours per night, currently disturbed by ear pain.
  - Diet: Balanced diet, avoiding dairy recently to see if it helps with symptoms.
  - Exercise: Regular jogging 3 times a week, limited due to current symptoms.
  - Tobacco Use: Non-smoker.
  - Alcohol Consumption: Occasional, social drinking.
  - Drug Use: Denies any illicit drug use.
  - Recreational Activities: Enjoys hiking and reading.

- **Demographic Information:**
  - Age: 29
  - Gender: Female
  - Ethnicity: Caucasian
  - Socio-economic Status: Middle class
  - Education Level: College graduate
  - Health Literacy: High
  - Job Status: Marketing Manager

- **Patient's Behavior:**
  - Highly cooperative with medical advice and eager to resolve symptoms.

- **Geographical Location:**
  - Urban
  - Pollution and Environmental Health Risks: Lives in a moderately polluted area.
  - Neighborhood Type: Affluent, well-served by transit, good access to healthcare.

- **Clinical Setting:**
  - Private Practice

- **Type of Encounter:**
  - Initial Consultation

- **Treatment Disparities:**
  - NA

- **Native or Non-Native English Speaking Patient:**
  - Native English Speaker

- **Physical exams:**
  - ENT Examination: 
    - Tympanic membranes: Dull, retracted with visible fluid bilaterally.
    - Ear canals: No obstruction.
    - Nasal mucosa: Pale and swollen.

- **Investigation/Test results:**
  - NA"|Rejected|Rejected|Rejected|Rejected
ACUTE SEROUS OTITIS MEDIA, BILATERAL|"**ROLE:** Otorhinolaryngologist (ENT Specialist)

**SCENARIO:**

- **Medical Outcome:**
  - Diagnosis: Acute Serous Otitis Media, Bilateral.
  - Prescribed Treatment:
    - Cefdinir, 300 mg, oral, 2 times a day, for 10 days due to penicillin allergy.
    - Nasal decongestant spray, Oxymetazoline, 1 spray in each nostril, twice a day for 5 days.
  - Follow-up Recommendations: Return visit in 1 week to reassess ear fluid level and hearing status.
  - Referral: Referral to Allergist, Dr. Laura Wong, for management of underlying allergic rhinitis if symptoms persist.
  - Order for Imaging/Blood Work: NA

- **Medical History:**
  - Previous Diagnoses: Chronic Sinusitis.
  - Family Medical History: Mother has a history of asthma.
  - Medication History: Regular use of antihistamines during allergy season.
  - Allergies: Penicillin.
  - Chronic Conditions: Asthma.

- **Symptom Description:**
  - Severity: Severe ear pain and pressure.
  - Duration: 7 days.
  - Associated Symptoms: High fever (102°F), dizziness, significant hearing loss.
  - Frequency: Continuous.
  - Impact on Daily Activities: Unable to work, constant discomfort, and trouble sleeping.

- **Patient’s self-reported habits and lifestyle:**
  - Sleep: Currently averaging 4-5 hours per night due to discomfort.
  - Diet: Regular diet, increased fluid intake to help with fever.
  - Exercise: Currently sedentary due to acute illness, usually participates in yoga.
  - Tobacco Use: Non-smoker.
  - Alcohol Consumption: Abstains from alcohol.
  - Drug Use: Denies any illicit drug use.
  - Recreational Activities: Usually enjoys painting and gardening.

- **Demographic Information:**
  - Age: 45
  - Gender: Male
  - Ethnicity: African American
  - Socio-economic Status: Upper middle class
  - Education Level: Master's degree
  - Health Literacy: High
  - Job Status: Software Engineer

- **Patient's Behavior:**
  - Very cooperative with medical advice, anxious to resolve symptoms quickly.

- **Geographical Location:**
  - Big City (Urban)
  - Pollution and Environmental Health Risks: Lives in an area with moderate pollution, near an industrial zone.
  - Neighborhood Type: Affluent, well-served by transit, excellent access to healthcare.

- **Clinical Setting:**
  - Private Practice

- **Type of Encounter:**
  - Initial Consultation

- **Treatment Disparities:**
  - NA

- **Native or Non-Native English Speaking Patient:**
  - Native English Speaker

- **Physical exams:**
  - ENT Examination:
    - Tympanic membranes: Red, bulging with visible fluid bilaterally.
    - Ear canals: Clear with no obstructions.
    - Nasal mucosa: Inflamed and swollen.

- **Investigation/Test results:**
  - NA"|Rejected|Rejected|Rejected|Rejected
ACUTE SEROUS OTITIS MEDIA, BILATERAL|"**ROLE:** Otorhinolaryngologist (ENT Specialist)

**SCENARIO:**

- **Medical Outcome:**
  - Diagnosis: Acute Serous Otitis Media, Bilateral.
  - Prescribed Treatment:
    - Azithromycin, 250 mg, oral, once daily for 5 days due to penicillin allergy.
    - Recommend over-the-counter acetaminophen for pain and fever, 500 mg, oral, every 6 hours as needed.
  - Follow-up Recommendations: Return visit in 3 weeks to reassess ear fluid level and hearing status.
  - Referral: Referral to Immunologist, Dr. Emily Roberts, for persistent ear infections and potential immune system evaluation.
  - Order for Imaging/Blood Work: NA

- **Medical History:**
  - Previous Diagnoses: COPD (Chronic Obstructive Pulmonary Disease).
  - Family Medical History: Sister has rheumatoid arthritis.
  - Medication History: Regular use of inhalers for baseline COPD.
  - Allergies: Penicillin.
  - Chronic Conditions: COPD.

- **Symptom Description:**
  - Severity: Mild ear pain and discomfort.
  - Duration: 3 days.
  - Associated Symptoms: Low-grade fever (99.2°F), mild vertigo, intermittent tinnitus.
  - Frequency: Intermittent.
  - Impact on Daily Activities: Mild difficulty concentrating at school; feels generally unwell but can still manage most activities.

- **Patient’s self-reported habits and lifestyle:**
  - Sleep: On average, 6-7 hours per night, somewhat disturbed by ear discomfort.
  - Diet: Generally balanced diet, prefers vegetarian meals.
  - Exercise: Walks to school daily, otherwise not engaged in regular exercise.
  - Tobacco Use: Exposure to secondhand smoke at home as family members smoke.
  - Alcohol Consumption: None.
  - Drug Use: Denies any illicit drug use.
  - Recreational Activities: Enjoys playing video games and reading comics.

- **Demographic Information:**
  - Age: 15
  - Gender: Male
  - Ethnicity: Hispanic
  - Socio-economic Status: Lower-middle class
  - Education Level: High school student
  - Health Literacy: Moderate
  - Job Status: NA (student)

- **Patient's Behavior:**
  - Cooperative but somewhat anxious about medical procedures.

- **Geographical Location:**
  - Small City (Urban)
  - Pollution and Environmental Health Risks: Lives in an area with moderate pollution.
  - Neighborhood Type: Mixed-income neighborhood, fairly well-served by transit, good access to healthcare.

- **Clinical Setting:**
  - Community Health Service

- **Type of Encounter:**
  - Initial Consultation

- **Treatment Disparities:**
  - NA

- **Native or Non-Native English Speaking Patient:**
  - Non-Native English Speaker

- **Physical exams:**
  - ENT Examination:
    - Tympanic membranes: Dull and slightly bulging with visible fluid bilaterally.
    - Ear canals: Clear without foreign bodies.
    - Nasal mucosa: Swollen with clear discharge.

- **Investigation/Test results:**
  - NA"|Rejected|Rejected|Rejected|Rejected
ACUTE SEROUS OTITIS MEDIA, BILATERAL|"ROLE: General Physician

- **Medical Outcome:**
  - Diagnosis: Acute Serous Otitis Media, Bilateral (H65.03)
  - Prescribed Treatment: Amoxicillin 500 mg, oral, twice daily for 10 days; Ibuprofen 200 mg, oral, every 6 hours as needed for pain
  - Follow-up Recommendations: Return visit in 2 weeks for reassessment
  - Referral to Specialists: Referral to ENT Specialist, Dr. Mark Anderson, for further evaluation if no improvement in 2 weeks
  - Order for imaging: NA
  - Order for blood work: NA

- **Medical History:**
  - Previous Diagnoses: Recurrent ear infections as a child
  - Family Medical History: Mother has a history of frequent ear infections
  - Medication History: No current medications
  - Allergies: Penicillin
  - Chronic Conditions: None

- **Symptom Description:**
  - Severity: Moderate
  - Duration: 5 days
  - Associated Symptoms: Ear pain, hearing loss, tinnitus, mild fever
  - Frequency: Constant ear pain, intermittent hearing loss
  - Impact on Daily Activities: Difficulties in concentrating at work, disrupted sleep

- **Patient’s self-reported habits and lifestyle:**
  - Sleep: Reports difficulty sleeping due to ear pain
  - Diet: Balanced diet
  - Exercise: Occasional, mostly light activities like walking
  - Tobacco Use: Non-smoker
  - Alcohol Consumption: Social drinker, about 1-2 drinks per week
  - Drug Use: None
  - Recreational Activities: Enjoys reading and gardening

- **Demographic Information:**
  - Age: 32
  - Gender: Female
  - Ethnicity: Caucasian
  - Socio-economic Status: Middle class
  - Education Level: Bachelor's degree
  - Health Literacy: Good understanding of medical terms
  - Job Status: Office worker

- **Patient's Behavior:**
  - Level of Cooperation: Highly cooperative with medical advice and willing to follow prescribed treatments

- **Geographical Location:**
  - Big City vs. Small City: Lives in a small city
  - Rural vs. Urban: Urban
  - Pollution and Environmental Health Risks: Low
  - Neighborhood Type: Middle-class neighborhood, well-served by transit, not a food desert

- **Clinical Setting:**
  - Clinics

- **Type of Encounter:**
  - Initial Consultation

- **Treatment Disparities:**
  - None

- **Native or Non-Native English Speaking Patient:**
  - Native English-speaking patient

- **Physical exams:**
  - Ear Examination: Bilateral tympanic membranes appear dull and bulging, no perforation noted, mild to moderate fluid buildup behind the eardrum

- **Investigation/Test results:**
  - NA"|Rejected|Rejected|Rejected|Rejected
ACUTE SEROUS OTITIS MEDIA, BILATERAL|"ROLE: General Physician

- **Medical Outcome:**
  - Diagnosis: Acute Serous Otitis Media, Bilateral (H65.03)
  - Prescribed Treatment: Amoxicillin 500 mg, oral, twice daily for 10 days; Ibuprofen 200 mg, oral, every 6 hours as needed for pain
  - Follow-up Recommendations: Return visit in 2 weeks for reassessment
  - Referral to Specialists: Referral to ENT Specialist, Dr. Mark Anderson, for further evaluation if no improvement in 2 weeks
  - Order for imaging: NA
  - Order for blood work: NA

- **Medical History:**
  - Previous Diagnoses: Asthma, Hypertension, Recurrent ear infections as a child
  - Family Medical History: Mother has a history of frequent ear infections, Father has hypertension
  - Medication History: Lisinopril 10 mg daily for hypertension, Albuterol inhaler PRN for asthma
  - Allergies: Penicillin
  - Chronic Conditions: Asthma, Hypertension

- **Symptom Description:**
  - Severity: Severe
  - Duration: 7 days
  - Associated Symptoms: Severe ear pain, significant hearing loss, tinnitus, high fever, nausea, and dizziness
  - Frequency: Persistent ear pain, constant hearing loss
  - Impact on Daily Activities: Unable to work or sleep; severe impact on daily functioning

- **Patient’s self-reported habits and lifestyle:**
  - Sleep: Reports being unable to sleep due to severe ear pain
  - Diet: High in processed foods and sugars
  - Exercise: Sedentary lifestyle, no regular exercise routine
  - Tobacco Use: Smoker, about 10 cigarettes a day
  - Alcohol Consumption: Regular drinker, about 3-4 drinks per week
  - Drug Use: None
  - Recreational Activities: None due to sedentary lifestyle

- **Demographic Information:**
  - Age: 45
  - Gender: Male
  - Ethnicity: African-American
  - Socio-economic Status: Lower middle class
  - Education Level: High school diploma
  - Health Literacy: Limited understanding of medical terms
  - Job Status: Unemployed, previously worked as a factory worker

- **Patient's Behavior:**
  - Level of Cooperation: Reluctant to follow medical advice, inconsistent with medication adherence

- **Geographical Location:**
  - Big City vs. Small City: Lives in a big city
  - Rural vs. Urban: Urban
  - Pollution and Environmental Health Risks: Moderate pollution, lives near industrial area
  - Neighborhood Type: Impoverished neighborhood, limited access to fresh food, not well-served by public transit

- **Clinical Setting:**
  - Urgent Care Center

- **Type of Encounter:**
  - Emergency Visit

- **Treatment Disparities:**
  - Tendency to offer fewer treatment options due to assumptions about compliance

- **Native or Non-Native English Speaking Patient:**
  - Native English-speaking patient

- **Physical exams:**
  - Ear Examination: Bilateral tympanic membranes appear dull and bulging, no perforation noted, moderate to severe fluid buildup behind the eardrum
  - Vital Signs: Elevated blood pressure (150/95), fever (102°F), tachycardic (110 bpm)

- **Investigation/Test results:**
  - Awaiting results for complete blood count (CBC) to check for signs of infection or inflammation"|Rejected|Rejected|Rejected|Rejected
ACUTE SEROUS OTITIS MEDIA, BILATERAL|"ROLE: General Physician

- **Medical Outcome:**
  - Diagnosis: Acute Serous Otitis Media, Bilateral (H65.03)
  - Prescribed Treatment: Azithromycin 500 mg oral on day 1, then 250 mg oral once daily for the next 4 days; Ibuprofen 200 mg, oral, every 6 hours as needed for pain
  - Follow-up Recommendations: Return visit in 1 week for reassessment
  - Referral to Specialists: Referral to ENT Specialist, Dr. Rebecca Lewis, for further evaluation if symptoms persist after a week
  - Order for imaging: NA
  - Order for blood work: Complete Blood Count (CBC) to check for signs of infection or inflammation

- **Medical History:**
  - Previous Diagnoses: Migraine, Seasonal Allergies
  - Family Medical History: Father has a history of hypertension, grandmother has diabetes
  - Medication History: Over-the-counter antihistamines for allergies
  - Allergies: Penicillin, Sulfa drugs
  - Chronic Conditions: Seasonal Allergies

- **Symptom Description:**
  - Severity: Moderate
  - Duration: 3 days
  - Associated Symptoms: Ear fullness, mild fever, intermittent dizziness
  - Frequency: Constant ear discomfort, periodic dizziness
  - Impact on Daily Activities: Difficulties focusing at work, mild sleep disruption

- **Patient’s self-reported habits and lifestyle:**
  - Sleep: Reports mild disruption due to ear discomfort
  - Diet: Generally healthy, occasionally consumes fast food
  - Exercise: Regular exercise, jogging 3 times a week
  - Tobacco Use: Non-smoker
  - Alcohol Consumption: Light drinker, about 1 drink per week
  - Drug Use: None
  - Recreational Activities: Enjoys hiking and playing tennis

- **Demographic Information:**
  - Age: 28
  - Gender: Male
  - Ethnicity: Hispanic
  - Socio-economic Status: Middle class
  - Education Level: Completed college
  - Health Literacy: High
  - Job Status: Software engineer

- **Patient's Behavior:**
  - Level of Cooperation: Very cooperative and adherent to medical advice

- **Geographical Location:**
  - Big City vs. Small City: Lives in a small city
  - Rural vs. Urban: Urban
  - Pollution and Environmental Health Risks: Low
  - Neighborhood Type: Affluent neighborhood, well-served by public transit, good access to fresh food

- **Clinical Setting:**
  - Community Health Services

- **Type of Encounter:**
  - Emergency Visit

- **Treatment Disparities:**
  - None noted

- **Native or Non-Native English Speaking Patient:**
  - Native English-speaking patient

- **Physical exams:**
  - Ear Examination: Bilateral tympanic membranes show dullness and fluid behind the eardrum, no perforation noted, slight erythema present
  - Vital Signs: Blood pressure 120/80, temperature 99°F, heart rate 78 bpm, respiratory rate 16 breaths per minute

- **Investigation/Test results:**
  - Awaiting results for complete blood count (CBC) to check for signs of infection or inflammation"|Rejected|Rejected|Rejected|Rejected
